sdWorldFile version 5 {
	sdDictionary {
		"editor_last_atmosphere"	"atmosphere://refinery01"
		"editor_last_override_atmosphere"	"refinery03"
	}

	meta {
		sdDetailGroup "detail_1" {
			propertyTable {
				"color"		( 1 1 1 )
			}
		}
	}
	primitiveHolders {
		sdPrimitiveEntity "worldspawn" {
			sdDictionary {
				"merge_script_obj1_marker"	"info_objective_1"
				"merge_script_obj1_arrow1"	"info_objective_1_progress_1"
				"merge_script_obj1_arrow2"	"info_objective_1_progress_2"
				"merge_script_obj2_marker"	"info_objective_2"
				"merge_script_obj2_arrow1"	"info_objective_2_progress_1"
				"merge_script_obj2_arrow2"	"info_objective_2_progress_2"
				"merge_script_obj3_marker_a"	"info_objective_3a"
				"merge_script_obj3_marker_b"	"info_objective_3b"
				"merge_script_obj3_arrow1"	"info_objective_3_progress_1"
				"merge_script_obj3_arrow2"	"info_objective_3_progress_2"
				"merge_script_bridge_materials"	"refinery_bridge_materials"
				"merge_script_scud_trigger"	"scud_trigger"
				"merge_script_north_stroyent"	"strogg_device_a"
				"merge_script_south_stroyent"	"strogg_device_b"
				"merge_script_shieldgen_caller"	"shieldgen_caller_1"
				"merge_script_final_objective_proxy"	"gameplay/destructible/finalobjective_proxy"
				"merge_script_strogg_barricades"	"strogg_barricades"
				"merge_script_noplant_barricade"	"trigger_noplant_barricade"
				"merge_script_noplant_north_filter"	"trigger_noplant_north_filter"
				"merge_script_noplant_south_filter"	"trigger_noplant_south_filter"
				"merge_script_entrance_smoke1"	"entrance_smoke1"
				"merge_script_entrance_smoke2"	"entrance_smoke2"
				"merge_script_entrance_smoke3"	"entrance_smoke3"
				"merge_script_stroggdevice1_ooze_explosion"	"torchy_misc_particle_trigger_stroggdevice1_ooze_explosion"
				"merge_script_stroggdevice1_ooze_drip1"	"torchy_misc_particle_trigger_stroggdevice1_ooze_drip1"
				"merge_script_stroggdevice1_ooze_drip2"	"torchy_misc_particle_trigger_stroggdevice1_ooze_drip2"
				"merge_script_stroggdevice1_ooze_drip3"	"torchy_misc_particle_trigger_stroggdevice1_ooze_drip3"
				"merge_script_stroggdevice1_ooze_drip4"	"torchy_misc_particle_trigger_stroggdevice1_ooze_drip4"
				"merge_script_stroggdevice1_ooze_drip5"	"torchy_misc_particle_trigger_stroggdevice1_ooze_drip5"
				"merge_script_stroggdevice1_ooze_spurt1"	"torchy_misc_particle_trigger_stroggdevice1_ooze_spurt1"
				"merge_script_stroggdevice1_ooze_spurt2"	"torchy_misc_particle_trigger_stroggdevice1_ooze_spurt2"
				"merge_script_stroggdevice1_sparks1"	"torchy_misc_particle_trigger_stroggdevice1_sparks1"
				"merge_script_stroggdevice1_sparks2"	"torchy_misc_particle_trigger_stroggdevice1_sparks2"
				"merge_script_stroggdevice1_sparks3"	"torchy_misc_particle_trigger_stroggdevice1_sparks3"
				"merge_script_stroggdevice2_ooze_spurt1"	"torchy_misc_particle_trigger_stroggdevice2_ooze_spurt1"
				"merge_script_stroggdevice2_ooze_spurt2"	"torchy_misc_particle_trigger_stroggdevice2_ooze_spurt2"
				"merge_script_stroggdevice2_ooze_drip1"	"torchy_misc_particle_trigger_stroggdevice2_ooze_drip1"
				"merge_script_stroggdevice2_ooze_drip2"	"torchy_misc_particle_trigger_stroggdevice2_ooze_drip2"
				"merge_script_stroggdevice2_ooze_drip3"	"torchy_misc_particle_trigger_stroggdevice2_ooze_drip3"
				"merge_script_stroggdevice2_ooze_explosion"	"torchy_misc_particle_trigger_stroggdevice2_ooze_explosion"
				"merge_script_placement_camera_a"	"placement_camera_a"
				"merge_script_placement_camera_b"	"placement_camera_b"
				"merge_script_main_entrance_detail"	"main_entrance_detail"
				"merge_script_entrance_explosion"	"entrance_explosion"
			}
			classname "worldspawn"
		}
		sdPrimitiveEntity "info_objective_3a" {
			sdDictionary {
				"objective_index"	"2"
				"mtr_icon"	"hud/objectives/destruction"
				"mtr_icon_number"	"hud/objectives/marker_03"
				"icon_size_cm"	"24"
				"icon_size_number_cm"	"24"
				"icon_offset_cm"	"8 8 0"
				"text_objective_strogg"	"maps/refinery/obj03_strogg"
				"text_objective_gdf"	"maps/refinery/obj03_gdf"
				"text_short_objective_strogg"	"maps/refinery/obj03_strogg_short"
				"text_short_objective_gdf"	"maps/refinery/obj03_gdf_short"
				"mtr_objective_strogg"	"hud/icons/missionsystem/obj_defend"
				"mtr_objective_strogg_desat"	"hud/icons/missionsystem/obj_defend_desat"
				"mtr_objective_gdf"	"hud/icons/missionsystem/obj_destroy"
				"mtr_objective_gdf_desat"	"hud/icons/missionsystem/obj_destroy_desat"
				"mtr_objective_world_icon_strogg"	"hud/icons/missionsystem/obj_defend"
				"mtr_objective_world_icon_gdf"	"hud/icons/missionsystem/obj_destroy"
			}
			sdTransform {
				translation ( -7392 2959 80 )
			}
			
			classname "info_objective"
		}
		sdPrimitiveEntity "torchy_gameplay_destructible_trigger_1" {
			sdDictionary {
				"target"	"strogg_device_a"
			}
			sdTransform {
				translation ( -7392 1728 -76 )
			}
			
			classname "gameplay_destructible_trigger"
			primitives {
				sdPrimitiveBrush "sdprimitivebrush_1" {
					
					sdTransform {
						translation ( 0 1280 108 )
					}
					
					faces {
						plane ( 0 0 1 64 ) matrix ( ( 0.0625 0 108 ) ( 0 0.0625 -462 ) ) texBounds ( ( 0 0 ) ( 32 32 ) ) "textures/common/trigger"
						plane ( 0 0 -1 -160 ) matrix ( ( 0.0625 0 108 ) ( 0 0.0625 462 ) ) texBounds ( ( 0 0 ) ( 32 32 ) ) "textures/common/trigger"
						plane ( -1 0 0 -72 ) matrix ( ( 0.0625 0 -108.000038147 ) ( 0 0.0625 -2 ) ) texBounds ( ( 0 0 ) ( 32 32 ) ) "textures/common/trigger"
						plane ( 1 0 0 -72 ) matrix ( ( 0.0625 0 108 ) ( 0 0.0625 -2 ) ) texBounds ( ( 0 0 ) ( 32 32 ) ) "textures/common/trigger"
						plane ( 0 -1 0 -128 ) matrix ( ( 0.0625 0 -462 ) ( 0 0.0625 -2 ) ) texBounds ( ( 0 0 ) ( 32 32 ) ) "textures/common/trigger"
						plane ( 0 1 0 8 ) matrix ( ( 0.0625 0 462 ) ( 0 0.0625 -2 ) ) texBounds ( ( 0 0 ) ( 32 32 ) ) "textures/common/trigger"
					}
				}
			}
		}
		sdPrimitiveEntity "info_objective_3b" {
			sdDictionary {
				"objective_index"	"2"
				"mtr_icon"	"hud/objectives/destruction"
				"mtr_icon_number"	"hud/objectives/marker_03"
				"icon_size_cm"	"24"
				"icon_size_number_cm"	"24"
				"icon_offset_cm"	"8 8 0"
				"text_objective_strogg"	"maps/refinery/obj03_strogg"
				"text_objective_gdf"	"maps/refinery/obj03_gdf"
				"text_short_objective_strogg"	"maps/refinery/obj03_strogg_short"
				"text_short_objective_gdf"	"maps/refinery/obj03_gdf_short"
				"mtr_objective_strogg"	"hud/icons/missionsystem/obj_defend"
				"mtr_objective_strogg_desat"	"hud/icons/missionsystem/obj_defend_desat"
				"mtr_objective_gdf"	"hud/icons/missionsystem/obj_destroy"
				"mtr_objective_gdf_desat"	"hud/icons/missionsystem/obj_destroy_desat"
				"mtr_objective_world_icon_strogg"	"hud/icons/missionsystem/obj_defend"
				"mtr_objective_world_icon_gdf"	"hud/icons/missionsystem/obj_destroy"
			}
			sdTransform {
				translation ( -9168 -57 -88 )
			}
			
			classname "info_objective"
		}
		sdPrimitiveEntity "torchy_gameplay_destructible_trigger_2" {
			sdDictionary {
				"target"	"strogg_device_b"
			}
			sdTransform {
				translation ( -7392 1728 -76 )
			}
			
			classname "gameplay_destructible_trigger"
			primitives {
				sdPrimitiveBrush "sdprimitivebrush_1" {
					
					sdTransform {
						translation ( -1920 -1600 -148 )
					}
					
					faces {
						plane ( 0 0 1 -56 ) matrix ( ( 0.0625 0 140 ) ( 0 0.0625 -362 ) ) texBounds ( ( 0 0 ) ( 32 32 ) ) "textures/common/trigger"
						plane ( -0 0 -1 -168 ) matrix ( ( 0.0625 0 140 ) ( 0 0.0625 362 ) ) texBounds ( ( 0 0 ) ( 32 32 ) ) "textures/common/trigger"
						plane ( -1 0 0 64 ) matrix ( ( 0.0625 0 -140.0000305176 ) ( 0 0.0625 -6 ) ) texBounds ( ( 0 0 ) ( 32 32 ) ) "textures/common/trigger"
						plane ( 1 0 0 -240 ) matrix ( ( 0.0625 0 140 ) ( 0 0.0625 -6 ) ) texBounds ( ( 0 0 ) ( 32 32 ) ) "textures/common/trigger"
						plane ( 0 -1 -0 -268 ) matrix ( ( 0.0625 0 -362 ) ( 0 0.0625 -6 ) ) texBounds ( ( 0 0 ) ( 32 32 ) ) "textures/common/trigger"
						plane ( 0 1 0 116 ) matrix ( ( 0.0625 0 362 ) ( 0 0.0625 -6 ) ) texBounds ( ( 0 0 ) ( 32 32 ) ) "textures/common/trigger"
					}
				}
			}
		}
		sdPrimitiveEntity "info_objective_1" {
			sdDictionary {
				"objective_index"	"0"
				"mtr_icon"	"hud/objectives/outpost"
				"mtr_icon_number"	"hud/objectives/marker_01"
				"icon_size_cm"	"24"
				"icon_size_number_cm"	"24"
				"icon_offset_cm"	"8 8 0"
				"text_objective_strogg"	"maps/refinery/obj01_strogg"
				"text_objective_gdf"	"maps/refinery/obj01_gdf"
				"text_short_objective_strogg"	"maps/refinery/obj01_strogg_short"
				"text_short_objective_gdf"	"maps/refinery/obj01_gdf_short"
				"mtr_objective_strogg"	"hud/icons/missionsystem/obj_defend"
				"mtr_objective_strogg_desat"	"hud/icons/missionsystem/obj_defend_desat"
				"mtr_objective_gdf"	"hud/icons/missionsystem/obj_goal"
				"mtr_objective_gdf_desat"	"hud/icons/missionsystem/obj_goal_desat"
				"mtr_objective_world_icon_strogg"	"hud/icons/missionsystem/obj_defend"
				"mtr_objective_world_icon_gdf"	"hud/icons/missionsystem/obj_goal"
			}
			sdTransform {
				translation ( 8584 831 440 )
			}
			
			classname "info_objective"
		}
		sdPrimitiveEntity "info_objective_2" {
			sdDictionary {
				"objective_index"	"1"
				"mtr_icon"	"hud/objectives/hack"
				"mtr_icon_number"	"hud/objectives/marker_02"
				"icon_size_cm"	"24"
				"icon_size_number_cm"	"24"
				"icon_offset_cm"	"8 8 0"
				"text_objective_strogg"	"maps/refinery/obj02_strogg"
				"text_objective_gdf"	"maps/refinery/obj02_gdf"
				"text_short_objective_strogg"	"maps/refinery/obj02_strogg_short"
				"text_short_objective_gdf"	"maps/refinery/obj02_gdf_short"
				"mtr_objective_strogg"	"hud/icons/missionsystem/obj_defend"
				"mtr_objective_strogg_desat"	"hud/icons/missionsystem/obj_defend_desat"
				"mtr_objective_gdf"	"hud/icons/missionsystem/obj_hack"
				"mtr_objective_gdf_desat"	"hud/icons/missionsystem/obj_hack_desat"
				"mtr_objective_world_icon_strogg"	"hud/icons/missionsystem/obj_defend"
				"mtr_objective_world_icon_gdf"	"hud/icons/missionsystem/obj_hack"
			}
			sdTransform {
				translation ( -2816 2424 1088 )
			}
			
			classname "info_objective"
		}
		sdPrimitiveEntity "info_objective_3_progress_1" {
			sdDictionary {
				"icon_size_cm"	"24"
				"mtr_icon"	"hud/objectives/progress_left_up"
				"icon_team_color_cm"	"1"
			}
			sdTransform {
				translation ( -4608 256 128 )
				rotation ( ( -1 -0.0000000874 0 ) ( 0.0000000874 -1 0 ) ( 0 0 1 ) )
			}
			
			classname "info_objective"
		}
		sdPrimitiveEntity "info_objective_3_progress_2" {
			sdDictionary {
				"icon_size_cm"	"24"
				"mtr_icon"	"hud/objectives/progress_left_down"
				"icon_team_color_cm"	"1"
			}
			sdTransform {
				translation ( -4608 5632 128 )
				rotation ( ( -1 -0.0000000874 0 ) ( 0.0000000874 -1 0 ) ( 0 0 1 ) )
			}
			
			classname "info_objective"
		}
		sdPrimitiveEntity "refinery_bridge_materials" {
			sdDictionary {
				"construction"	"refinery_bridge"
				"start_constructed"	"0"
				"multiple_stages"	"0"
				"show_status"	"1"
				"crosshair_icon"	"hud/objectives/construction"
				"object_name"	"maps/refinery/assault_ramp"
				"snd_finished_strogg"	"sounds/vo/strogg/nexus/maps/refinery/assaultramp/fail"
				"snd_finished_gdf"	"sounds/vo/gdf/highcommand/maps/refinery/assaultramp/success"
				"task_name"	"maps/refinery/assault_ramp"
				"force_show_progress"	"1"
				"progress_message"	"maps/refinery/obj_construct_bridge"
				"constructed_message"	"maps/refinery/obj_construct_bridge_complete"
			}
			sdTransform {
				translation ( -1689 333 -140 )
				rotation ( ( 0.9902680516 0 0.1391731054 ) ( 0 1 0 ) ( -0.1391731054 0 0.9902680516 ) )
			}
			
			classname "constructible_materials_secondary_gdf"
		}
		sdPrimitiveEntity "refinery_bridge" {
			sdTransform {
				translation ( -2724 256 -208 )
			}
			
			classname "gameplay_refinery_bridge"
		}
		sdPrimitiveEntity "torchy_gameplay_destructible_trigger_3" {
			sdDictionary {
				"target"	"strogg_barricades"
			}
			sdTransform {
				translation ( -1856 5696 208 )
			}
			
			classname "gameplay_destructible_trigger"
			primitives {
				sdPrimitiveBrush "sdprimitivebrush_1" {
					
					sdTransform {
						translation ( 176 -24 0 )
					}
					
					faces {
						plane ( 0 0 1 -128 ) matrix ( ( 0.0625 0 354.5 ) ( 0 0.0625 -116 ) ) texBounds ( ( 0 0 ) ( 32 32 ) ) "textures/common/trigger"
						plane ( 0 0 -1 -208 ) matrix ( ( 0.0625 0 354.5 ) ( 0 0.0625 116 ) ) texBounds ( ( 0 0 ) ( 32 32 ) ) "textures/common/trigger"
						plane ( -1 0 0 -368 ) matrix ( ( 0.0625 0 -354.5 ) ( 0 0.0625 -13 ) ) texBounds ( ( 0 0 ) ( 32 32 ) ) "textures/common/trigger"
						plane ( 1 0 0 -16 ) matrix ( ( 0.0625 0 354.5 ) ( 0 0.0625 -13 ) ) texBounds ( ( 0 0 ) ( 32 32 ) ) "textures/common/trigger"
						plane ( 0 -1 0 -440 ) matrix ( ( 0.0625 0 -116.0000152588 ) ( 0 0.0625 -13 ) ) texBounds ( ( 0 0 ) ( 32 32 ) ) "textures/common/trigger"
						plane ( 0 1 0 -360 ) matrix ( ( 0.0625 0 115.9999847412 ) ( 0 0.0625 -13 ) ) texBounds ( ( 0 0 ) ( 32 32 ) ) "textures/common/trigger"
					}
				}
			}
		}
		sdPrimitiveEntity "info_objective_1_progress_1" {
			sdDictionary {
				"icon_size_cm"	"24"
				"mtr_icon"	"hud/objectives/progress_left_up"
				"icon_team_color_cm"	"1"
			}
			sdTransform {
				translation ( 7528 -1160 1008 )
				rotation ( ( -0.7071067691 0.7071067691 0 ) ( -0.7071067691 -0.7071067691 0 ) ( 0 0 1 ) )
			}
			
			classname "info_objective"
		}
		sdPrimitiveEntity "info_objective_2_progress_1" {
			sdDictionary {
				"icon_size_cm"	"24"
				"mtr_icon"	"hud/objectives/progress_left_up"
				"icon_team_color_cm"	"1"
			}
			sdTransform {
				translation ( 2880 816 24 )
				rotation ( ( -0.7071067691 0.7071067691 0 ) ( -0.7071067691 -0.7071067691 0 ) ( 0 0 1 ) )
			}
			
			classname "info_objective"
		}
		sdPrimitiveEntity "info_objective_2_progress_2" {
			sdDictionary {
				"icon_size_cm"	"24"
				"mtr_icon"	"hud/objectives/progress_left_up"
				"icon_team_color_cm"	"1"
			}
			sdTransform {
				translation ( 6056 5056 24 )
				rotation ( ( -0.7071067691 0.7071067691 0 ) ( -0.7071067691 -0.7071067691 0 ) ( 0 0 1 ) )
			}
			
			classname "info_objective"
		}
		sdPrimitiveEntity "info_objective_1_progress_2" {
			sdDictionary {
				"icon_size_cm"	"24"
				"mtr_icon"	"hud/objectives/progress_left_up"
				"icon_team_color_cm"	"1"
			}
			sdTransform {
				translation ( 11288 -1472 1008 )
				rotation ( ( -0.7071067691 0.7071067691 0 ) ( -0.7071067691 -0.7071067691 0 ) ( 0 0 1 ) )
			}
			
			classname "info_objective"
		}
		sdPrimitiveEntity "strogg_device_b" {
			sdDictionary {
				"destroy_message"	"maps/refinery/south_stroyent_destroy"
				"disarm_message"	"maps/refinery/south_stroyent_disarm"
				"model"	"models/mapobjects/strogg/refinery/final_objective_b_plate.lwo"
				"health"	"1"
				"object_name"	"maps/refinery/strogg_device_b"
				"objective_index"	"3"
				"progress_message"	"maps/refinery/south_stroyent_progress"
				"task_name"	"maps/refinery/stroyent_filters"
				"snd_planted_gdf"	"sounds/vo/gdf/highcommand/maps/refinery/converter/planted/long"
				"snd_planted_strogg"	"sounds/vo/strogg/nexus/maps/refinery/converter/planted/long"
				"snd_disarmed_strogg"	"sounds/vo/strogg/nexus/maps/refinery/converter/disarmed"
				"snd_disarmed_gdf"	"sounds/vo/gdf/highcommand/maps/refinery/converter/disarmed"
				"snd_destroyed_gdf"	"sounds/vo/gdf/highcommand/maps/refinery/converter/destroyed"
				"snd_destroyed_strogg"	"sounds/vo/strogg/nexus/maps/refinery/converter/destroyed"
				"dmg_splash_damage"	"damage_objective_explosion"
				"noscriptobject"	"0"
			}
			sdTransform {
				translation ( -9054 -64 -380 )
			}
			
			classname "gameplay/destructible/strogg"
		}
		sdPrimitiveEntity "shieldgen_caller_1" {
			sdDictionary {
				"target"	"main_entrance"
				"editor_unique"	"1"
			}
			sdTransform {
				translation ( -2824 2424 4 )
				rotation ( ( 0.9781476259 0.2079117 0 ) ( -0.2079117 0.9781476259 0 ) ( 0 0 1 ) )
			}
			
			classname "gameplay_strogg_shield_generator_caller"
		}
		sdPrimitiveEntity "gameplay/destructible/finalobjective_proxy" {
			sdDictionary {
				"target1"	"strogg_device_a"
				"target2"	"strogg_device_b"
				"snd_intro_gdf"	"sounds/vo/gdf/highcommand/maps/refinery/destroy/long"
				"snd_intro_strogg"	"sounds/vo/strogg/nexus/maps/refinery/defend/long"
				"snd_reminder_strogg"	"sounds/vo/strogg/nexus/maps/refinery/defend"
				"snd_reminder_gdf"	"sounds/vo/gdf/highcommand/maps/refinery/destroy"
				"task_name"	"maps/refinery/stroyent_filters"
			}
			sdTransform {
				translation ( -8336 1792 1104 )
			}
			
			classname "gameplay/destructible/dualproxy/strogg"
		}
		sdPrimitiveEntity "strogg_barricades" {
			sdDictionary {
				"model"	"models/mapobjects/strogg/barricade_refinery.lwo"
				"collection_he"	"he"
				"crosshair_icon"	"hud/objectives/destruction"
				"destroy_message"	"maps/refinery/barricade_destroy"
				"disarm_message"	"maps/refinery/barricade_disarm"
				"health"	"1"
				"object_name"	"maps/refinery/strogg_barricades"
				"progress_message"	"maps/refinery/barricade_progress"
				"scriptobject"	"destructible_objective"
				"show_status"	"1"
				"snd_destroyed_gdf"	"sounds/vo/gdf/highcommand/maps/refinery/barricade/success"
				"snd_destroyed_strogg"	"sounds/vo/strogg/nexus/maps/refinery/barricade/fail"
				"team"	"strogg"
				"dmg_splash_damage"	"damage_objective_explosion"
				"task_name"	"maps/refinery/strogg_barricades"
				"noscriptobject"	"0"
			}
			sdTransform {
				translation ( -1920 5632 64 )
			}
			
			classname "gameplay/destructible/strogg/secondary"
		}
		sdPrimitiveEntity "strogg_device_a" {
			sdDictionary {
				"crosshair_icon"	"hud/objectives/destruction"
				"destroy_message"	"maps/refinery/north_stroyent_destroy"
				"disarm_message"	"maps/refinery/north_stroyent_disarm"
				"health"	"1"
				"object_name"	"maps/refinery/strogg_device_a"
				"objective_index"	"2"
				"progress_message"	"maps/refinery/north_stroyent_progress"
				"task_name"	"maps/refinery/stroyent_filters"
				"snd_destroyed_strogg"	"sounds/vo/strogg/nexus/maps/refinery/filter/destroyed"
				"snd_destroyed_gdf"	"sounds/vo/gdf/highcommand/maps/refinery/filter/destroyed"
				"snd_planted_gdf"	"sounds/vo/gdf/highcommand/maps/refinery/filter/planted/long"
				"snd_planted_strogg"	"sounds/vo/strogg/nexus/maps/refinery/filter/planted/long"
				"snd_disarmed_strogg"	"sounds/vo/strogg/nexus/maps/refinery/filter/disarmed"
				"snd_disarmed_gdf"	"sounds/vo/gdf/highcommand/maps/refinery/filter/disarmed"
				"model"	"models/mapobjects/strogg/refinery/final_objective_a.lwo"
				"dmg_splash_damage"	"damage_objective_explosion"
				"noscriptobject"	"0"
			}
			sdTransform {
				translation ( -7392 3064 -128 )
			}
			
			classname "gameplay/destructible/strogg"
		}
		sdPrimitiveEntity "trigger_noplant_barricade" {
			sdDictionary {
				"team"	"strogg"
			}
			sdTransform {
				translation ( -1856 5632 168 )
			}
			
			classname "trigger_noplant"
			primitives {
				sdPrimitiveBrush "sdprimitivebrush_1" {
					
					sdTransform {
						translation ( 176 40 40 )
					}
					
					faces {
						plane ( 0 0 1 -192 ) matrix ( ( 0.03125 0 0 ) ( 0 0.03125 0 ) ) texBounds ( ( 0 0 ) ( 64 64 ) ) "textures/common/trigmulti"
						plane ( -0 0 -1 -272 ) matrix ( ( 0.03125 0 0 ) ( 0 0.03125 0 ) ) texBounds ( ( 0 0 ) ( 64 64 ) ) "textures/common/trigmulti"
						plane ( -1 0 -0 -432 ) matrix ( ( 0.03125 0 0 ) ( 0 0.03125 0 ) ) texBounds ( ( 0 0 ) ( 64 64 ) ) "textures/common/trigmulti"
						plane ( 1 0 0 -80 ) matrix ( ( 0.03125 0 0 ) ( 0 0.03125 0 ) ) texBounds ( ( 0 0 ) ( 64 64 ) ) "textures/common/trigmulti"
						plane ( 0 -1 -0 -504 ) matrix ( ( 0.03125 0 0 ) ( 0 0.03125 0 ) ) texBounds ( ( 0 0 ) ( 64 64 ) ) "textures/common/trigmulti"
						plane ( 0 1 0 -424 ) matrix ( ( 0.03125 0 0 ) ( 0 0.03125 0 ) ) texBounds ( ( 0 0 ) ( 64 64 ) ) "textures/common/trigmulti"
					}
				}
			}
		}
		sdPrimitiveEntity "trigger_noplant_north_filter" {
			sdDictionary {
				"team"	"strogg"
			}
			sdTransform {
				translation ( -7392 2940 -48 )
			}
			
			classname "trigger_noplant"
			primitives {
				sdPrimitiveBrush "sdprimitivebrush_1" {
					
					sdTransform {
						translation ( 0 68 80 )
					}
					
					faces {
						plane ( 0 0 1 -0 ) matrix ( ( 0.03125 0 0 ) ( 0 0.03125 0 ) ) texBounds ( ( 0 0 ) ( 64 64 ) ) "textures/common/trigmulti"
						plane ( 0 0 -1 -160 ) matrix ( ( 0.03125 0 0 ) ( 0 0.03125 0 ) ) texBounds ( ( 0 0 ) ( 64 64 ) ) "textures/common/trigmulti"
						plane ( -1 0 -0 -136 ) matrix ( ( 0.03125 0 0 ) ( 0 0.03125 0 ) ) texBounds ( ( 0 0 ) ( 64 64 ) ) "textures/common/trigmulti"
						plane ( 1 0 0 -136 ) matrix ( ( 0.03125 0 0 ) ( 0 0.03125 0 ) ) texBounds ( ( 0 0 ) ( 64 64 ) ) "textures/common/trigmulti"
						plane ( 0 -1 -0 -192 ) matrix ( ( 0.03125 0 0 ) ( 0 0.03125 0 ) ) texBounds ( ( 0 0 ) ( 64 64 ) ) "textures/common/trigmulti"
						plane ( 0 1 0 -56 ) matrix ( ( 0.03125 0 0 ) ( 0 0.03125 0 ) ) texBounds ( ( 0 0 ) ( 64 64 ) ) "textures/common/trigmulti"
					}
				}
			}
		}
		sdPrimitiveEntity "trigger_noplant_south_filter" {
			sdDictionary {
				"team"	"strogg"
			}
			sdTransform {
				translation ( -9168 -64 -288 )
			}
			
			classname "trigger_noplant"
			primitives {
				sdPrimitiveBrush "sdprimitivebrush_1" {
					
					sdTransform {
						translation ( -144 192 64 )
					}
					
					faces {
						plane ( 0 0 1 -32 ) matrix ( ( 0.03125 0 0 ) ( 0 0.03125 0 ) ) texBounds ( ( 0 0 ) ( 64 64 ) ) "textures/common/trigmulti"
						plane ( 0 0 -1 -160 ) matrix ( ( 0.03125 0 0 ) ( 0 0.03125 0 ) ) texBounds ( ( 0 0 ) ( 64 64 ) ) "textures/common/trigmulti"
						plane ( -1 0 -0 -0 ) matrix ( ( 0.03125 0 0 ) ( 0 0.03125 0 ) ) texBounds ( ( 0 0 ) ( 64 64 ) ) "textures/common/trigmulti"
						plane ( 1 0 0 -288 ) matrix ( ( 0.03125 0 0 ) ( 0 0.03125 0 ) ) texBounds ( ( 0 0 ) ( 64 64 ) ) "textures/common/trigmulti"
						plane ( 0 -1 -0 -336 ) matrix ( ( 0.03125 0 0 ) ( 0 0.03125 0 ) ) texBounds ( ( 0 0 ) ( 64 64 ) ) "textures/common/trigmulti"
						plane ( 0 1 0 48 ) matrix ( ( 0.03125 0 0 ) ( 0 0.03125 0 ) ) texBounds ( ( 0 0 ) ( 64 64 ) ) "textures/common/trigmulti"
					}
				}
			}
		}
		sdPrimitiveEntity "torchy_misc_particle_trigger_stroggdevice1_ooze_explosion" {
			sdDictionary {
				"fx_triggered_1"	"effects/maps/refinery/stroggdevice1_ooze_explosion"
			}
			sdTransform {
				translation ( -9185.1044921875 -57.0366210938 -290 )
				rotation ( ( -0.0027196971 -0.9999964237 -0.0000106421 ) ( -0.0039126878 -0.0000000006 0.9999923706 ) ( -0.9999887943 0.0027197176 -0.0039126729 ) )
			}
			
			classname "misc_particle_trigger"
		}
		sdPrimitiveEntity "torchy_misc_particle_trigger_stroggdevice1_ooze_drip1" {
			sdDictionary {
				"fx_triggered_1"	"effects/maps/refinery/stroggdevice1_ooze_drip"
			}
			sdTransform {
				translation ( -9151.1044921875 8.9633789063 -290 )
				rotation ( ( -0.0027196971 -0.9999964237 -0.0000106421 ) ( -0.0039126878 -0.0000000006 0.9999923706 ) ( -0.9999887943 0.0027197176 -0.0039126729 ) )
			}
			
			classname "misc_particle_trigger"
		}
		sdPrimitiveEntity "torchy_misc_particle_trigger_stroggdevice1_ooze_drip2" {
			sdDictionary {
				"fx_triggered_1"	"effects/maps/refinery/stroggdevice1_ooze_drip"
			}
			sdTransform {
				translation ( -9152.1044921875 -117.0366210938 -290 )
				rotation ( ( -0.0027196971 -0.9999964237 -0.0000106421 ) ( -0.0039126878 -0.0000000006 0.9999923706 ) ( -0.9999887943 0.0027197176 -0.0039126729 ) )
			}
			
			classname "misc_particle_trigger"
		}
		sdPrimitiveEntity "torchy_misc_particle_trigger_stroggdevice1_ooze_drip3" {
			sdDictionary {
				"fx_triggered_1"	"effects/maps/refinery/stroggdevice1_ooze_drip"
			}
			sdTransform {
				translation ( -9206.1044921875 101.9633789063 -133 )
				rotation ( ( -0.0027196971 -0.9999964237 -0.0000106421 ) ( -0.0039126878 -0.0000000006 0.9999923706 ) ( -0.9999887943 0.0027197176 -0.0039126729 ) )
			}
			
			classname "misc_particle_trigger"
		}
		sdPrimitiveEntity "torchy_misc_particle_trigger_stroggdevice1_ooze_drip4" {
			sdDictionary {
				"fx_triggered_1"	"effects/maps/refinery/stroggdevice1_ooze_drip"
			}
			sdTransform {
				translation ( -9011.1044921875 -168.0366210938 -157 )
				rotation ( ( -0.0027196971 -0.9999964237 -0.0000106421 ) ( -0.0039126878 -0.0000000006 0.9999923706 ) ( -0.9999887943 0.0027197176 -0.0039126729 ) )
			}
			
			classname "misc_particle_trigger"
		}
		sdPrimitiveEntity "torchy_misc_particle_trigger_stroggdevice1_ooze_drip5" {
			sdDictionary {
				"fx_triggered_1"	"effects/maps/refinery/stroggdevice1_ooze_drip"
			}
			sdTransform {
				translation ( -9110.1044921875 -19.0366210938 -142 )
				rotation ( ( -0.0027196971 -0.9999964237 -0.0000106421 ) ( -0.0039126878 -0.0000000006 0.9999923706 ) ( -0.9999887943 0.0027197176 -0.0039126729 ) )
			}
			
			classname "misc_particle_trigger"
		}
		sdPrimitiveEntity "torchy_misc_particle_trigger_stroggdevice1_ooze_spurt2" {
			sdDictionary {
				"fx_triggered_1"	"effects/maps/refinery/stroggdevice1_ooze_spurt"
			}
			sdTransform {
				translation ( -9164.1044921875 -29.0366210938 -290 )
				rotation ( ( -0.0027196971 -0.9999964237 -0.0000106421 ) ( -0.0039126878 -0.0000000006 0.9999923706 ) ( -0.9999887943 0.0027197176 -0.0039126729 ) )
			}
			
			classname "misc_particle_trigger"
		}
		sdPrimitiveEntity "torchy_misc_particle_trigger_stroggdevice1_ooze_spurt1" {
			sdDictionary {
				"fx_triggered_1"	"effects/maps/refinery/stroggdevice1_ooze_spurt"
			}
			sdTransform {
				translation ( -9165.1044921875 -89.0366210938 -290 )
				rotation ( ( -0.0027196971 -0.9999964237 -0.0000106421 ) ( -0.0039126878 -0.0000000006 0.9999923706 ) ( -0.9999887943 0.0027197176 -0.0039126729 ) )
			}
			
			classname "misc_particle_trigger"
		}
		sdPrimitiveEntity "torchy_misc_particle_trigger_stroggdevice1_sparks1" {
			sdDictionary {
				"fx_triggered_1"	"effects/maps/refinery/stroggdevice1_sparks"
			}
			sdTransform {
				translation ( -9366.1044921875 -174.0366210938 -137 )
				rotation ( ( -0.0027196971 -0.9999964237 -0.0000106421 ) ( -0.0039126878 -0.0000000006 0.9999923706 ) ( -0.9999887943 0.0027197176 -0.0039126729 ) )
			}
			
			classname "misc_particle_trigger"
		}
		sdPrimitiveEntity "torchy_misc_particle_trigger_stroggdevice1_sparks2" {
			sdDictionary {
				"fx_triggered_1"	"effects/maps/refinery/stroggdevice1_sparks"
			}
			sdTransform {
				translation ( -9440.1044921875 158.9633789063 -137 )
				rotation ( ( -0.0027196971 -0.9999964237 -0.0000106421 ) ( -0.0039126878 -0.0000000006 0.9999923706 ) ( -0.9999887943 0.0027197176 -0.0039126729 ) )
			}
			
			classname "misc_particle_trigger"
		}
		sdPrimitiveEntity "torchy_misc_particle_trigger_stroggdevice1_sparks3" {
			sdDictionary {
				"fx_triggered_1"	"effects/maps/refinery/stroggdevice1_sparks"
			}
			sdTransform {
				translation ( -9184.1044921875 -352.0366210938 -80 )
				rotation ( ( -0.0027196971 -0.9999964237 -0.0000106421 ) ( -0.0039126878 -0.0000000006 0.9999923706 ) ( -0.9999887943 0.0027197176 -0.0039126729 ) )
			}
			
			classname "misc_particle_trigger"
		}
		sdPrimitiveEntity "torchy_misc_particle_trigger_stroggdevice2_ooze_explosion" {
			sdDictionary {
				"fx_triggered_1"	"effects/maps/refinery/stroggdevice2_ooze_explosion"
			}
			sdTransform {
				translation ( -7391.9633789063 2960.8955078125 13 )
				rotation ( ( 0.9999963641 -0.0027197564 -0.0000106421 ) ( 0.0000000004 -0.0039126873 0.9999923706 ) ( -0.0027197769 -0.9999887347 -0.0039126729 ) )
			}
			
			classname "misc_particle_trigger"
		}
		sdPrimitiveEntity "torchy_misc_particle_trigger_stroggdevice2_ooze_spurt1" {
			sdDictionary {
				"fx_triggered_1"	"effects/maps/refinery/stroggdevice2_ooze_spurt"
			}
			sdTransform {
				translation ( -7353.9633789063 2973.8955078125 28 )
				rotation ( ( 0.9999963641 -0.0027197564 -0.0000106421 ) ( 0.0000000004 -0.0039126873 0.9999923706 ) ( -0.0027197769 -0.9999887347 -0.0039126729 ) )
			}
			
			classname "misc_particle_trigger"
		}
		sdPrimitiveEntity "torchy_misc_particle_trigger_stroggdevice2_ooze_spurt2" {
			sdDictionary {
				"fx_triggered_1"	"effects/maps/refinery/stroggdevice2_ooze_spurt"
			}
			sdTransform {
				translation ( -7434.9633789063 2973.8955078125 26 )
				rotation ( ( 0.9999963641 -0.0027197564 -0.0000106421 ) ( 0.0000000004 -0.0039126873 0.9999923706 ) ( -0.0027197769 -0.9999887347 -0.0039126729 ) )
			}
			
			classname "misc_particle_trigger"
		}
		sdPrimitiveEntity "torchy_misc_particle_trigger_stroggdevice2_ooze_drip1" {
			sdDictionary {
				"fx_triggered_1"	"effects/maps/refinery/stroggdevice2_ooze_drip"
			}
			sdTransform {
				translation ( -7341.9633789063 2746.8955078125 128 )
				rotation ( ( 0.9999963641 -0.0027197564 -0.0000106421 ) ( 0.0000000004 -0.0039126873 0.9999923706 ) ( -0.0027197769 -0.9999887347 -0.0039126729 ) )
			}
			
			classname "misc_particle_trigger"
		}
		sdPrimitiveEntity "torchy_misc_particle_trigger_stroggdevice2_ooze_drip2" {
			sdDictionary {
				"fx_triggered_1"	"effects/maps/refinery/stroggdevice2_ooze_drip"
			}
			sdTransform {
				translation ( -7457.9633789063 2891.8955078125 99 )
				rotation ( ( 0.9999963641 -0.0027197564 -0.0000106421 ) ( 0.0000000004 -0.0039126873 0.9999923706 ) ( -0.0027197769 -0.9999887347 -0.0039126729 ) )
			}
			
			classname "misc_particle_trigger"
		}
		sdPrimitiveEntity "torchy_misc_particle_trigger_stroggdevice2_ooze_drip3" {
			sdDictionary {
				"fx_triggered_1"	"effects/maps/refinery/stroggdevice2_ooze_drip"
			}
			sdTransform {
				translation ( -7360.9633789063 2912.8955078125 99 )
				rotation ( ( 0.9999963641 -0.0027197564 -0.0000106421 ) ( 0.0000000004 -0.0039126873 0.9999923706 ) ( -0.0027197769 -0.9999887347 -0.0039126729 ) )
			}
			
			classname "misc_particle_trigger"
		}
		sdPrimitiveEntity "placement_camera_a" {
			sdTransform {
				translation ( -7219.9189453125 2479.0004882813 27.5929317474 )
				rotation ( ( -0.4343414307 0.9004840851 -0.0218148772 ) ( -0.9006984234 -0.4344448149 0 ) ( -0.0094773602 0.0196486246 0.9997619987 ) )
			}
			
			classname "placement_camera"
		}
		sdPrimitiveEntity "placement_camera_b" {
			sdTransform {
				translation ( -9468.8818359375 -452.7247314453 -267.7515563965 )
				rotation ( ( 0.6518879533 0.7541544437 -0.0793290213 ) ( -0.7565386891 0.6539489031 0 ) ( 0.0518771261 0.0600154735 0.996848464 ) )
			}
			
			classname "placement_camera"
		}
		sdPrimitiveEntity "entrance_smoke2" {
			sdDictionary {
				"fx_triggered_1"	"effects/maps/refinery/entrance_smoke2"
			}
			sdTransform {
				translation ( -5776 984 488 )
				rotation ( ( -0.0000000437 1 -0 ) ( -1 -0.0000000437 0 ) ( 0 0 1 ) )
			}
			
			classname "misc_particle_trigger"
		}
		sdPrimitiveEntity "entrance_smoke3" {
			sdDictionary {
				"fx"	"effects/maps/refinery/entrance_smoke3"
				"fx_triggered_1"	"effects/maps/refinery/entrance_smoke3"
			}
			sdTransform {
				translation ( -6232 1392 480 )
			}
			
			classname "misc_particle_trigger"
		}
		sdPrimitiveEntity "entrance_smoke1" {
			sdDictionary {
				"fx_triggered_1"	"effects/maps/refinery/entrance_smoke1"
			}
			sdTransform {
				translation ( -5776 1032 -56 )
			}
			
			classname "misc_particle_trigger"
		}
		sdPrimitiveEntity "main_entrance" {
			sdDictionary {
				"collection_scud"	"scud"
				"crosshair_icon"	"hud/objectives/firesupport"
				"objective_index"	"1"
				"scriptobject"	"destructible_objective_strategic"
				"object_name"	"maps/refinery/main_entrance"
				"show_status"	"1"
				"team"	"strogg"
				"health"	"1"
				"dmg_splash_damage"	"damage_objective_explosion"
				"noscriptobject"	"0"
			}
			sdTransform {
				translation ( -5896.005859375 1299.9919433594 320.0089111328 )
			}
			
			classname "gameplay/destructible"
			primitives {
				sdPrimitiveBrush "sdprimitivebrush_12" {
					
					sdTransform {
						translation ( 4.005859375 220.0078125 -288.0089111328 )
					}
					
					faces {
						plane ( -0 0 1 -96 ) matrix ( ( 0.03125 0 -41.5 ) ( 0 0.03125 -231.75 ) ) texBounds ( ( 0 0 ) ( 64 64 ) ) "textures/common/caulk"
						plane ( 0 0 -1 -96 ) matrix ( ( 0.03125 0 -41.5 ) ( 0 0.03125 -231.75 ) ) texBounds ( ( 0 0 ) ( 64 64 ) ) "textures/common/caulk"
						plane ( -1 0 0 12 ) matrix ( ( 0.03125 0 -41.5 ) ( 0 0.03125 -231.75 ) ) texBounds ( ( 0 0 ) ( 64 64 ) ) "textures/common/caulk"
						plane ( 1 0 0 -20 ) matrix ( ( 0.010416667 0 -14.0000019073 ) ( 0 0.0013020834 0.6666669846 ) ) texBounds ( ( 0 0 ) ( 256 2048 ) ) "texturesheets/refinery/refinery_building"
						plane ( -0.7070690393 -0.7071445584 0 2.8282761574 ) matrix ( ( 0.03125 0 -41.4929504395 ) ( 0 0.03125 -231.75 ) ) texBounds ( ( 0 0 ) ( 64 64 ) ) "textures/common/caulk"
						plane ( 0 1 -0 -8 ) matrix ( ( 0.03125 0 -41.5 ) ( 0 0.03125 -231.75 ) ) texBounds ( ( 0 0 ) ( 64 64 ) ) "textures/common/caulk"
					}
				}
				sdPrimitiveBrush "sdprimitivebrush_13" {
					
					sdTransform {
						translation ( 204.005859375 220.0078125 -288.0089111328 )
					}
					
					faces {
						plane ( -0 0 1 -96 ) matrix ( ( 0.03125 0 -41.5 ) ( 0 0.03125 -231.75 ) ) texBounds ( ( 0 0 ) ( 64 64 ) ) "textures/common/caulk"
						plane ( 0 0 -1 -96 ) matrix ( ( 0.03125 0 -41.5 ) ( 0 0.03125 -231.75 ) ) texBounds ( ( 0 0 ) ( 64 64 ) ) "textures/common/caulk"
						plane ( -1 0 0 12 ) matrix ( ( 0.010416667 0 14.0000019073 ) ( 0 0.0013020834 0.6666669846 ) ) texBounds ( ( 0 0 ) ( 256 2048 ) ) "texturesheets/refinery/refinery_building"
						plane ( 1 0 0 -20 ) matrix ( ( 0.03125 0 -41.5 ) ( 0 0.03125 -231.75 ) ) texBounds ( ( 0 0 ) ( 64 64 ) ) "textures/common/caulk"
						plane ( 0.7070690393 -0.7071445584 0 -19.7979335785 ) matrix ( ( 0.03125 0 -41.4896469116 ) ( 0 0.03125 -231.75 ) ) texBounds ( ( 0 0 ) ( 64 64 ) ) "textures/common/caulk"
						plane ( 0 1 -0 -8 ) matrix ( ( 0.03125 0 -41.5 ) ( 0 0.03125 -231.75 ) ) texBounds ( ( 0 0 ) ( 64 64 ) ) "textures/common/caulk"
					}
				}
				sdPrimitiveBrush "sdprimitivebrush_14" {
					
					sdTransform {
						translation ( 104.005859375 212.0078125 -188.0089111328 )
					}
					
					faces {
						plane ( 0 0 1 -4 ) matrix ( ( 0.03125 0 -41.5 ) ( 0 0.03125 -231.75 ) ) texBounds ( ( 0 0 ) ( 64 64 ) ) "textures/common/caulk"
						plane ( 0 0 -1 -4 ) matrix ( ( 0 0.0078124995 -57.9999961853 ) ( -0.0009765624 0 1.7343747616 ) ) texBounds ( ( 0 0 ) ( 256 2048 ) ) "texturesheets/refinery/refinery_building"
						plane ( -1 0 0 -80 ) matrix ( ( 0.03125 0 -41.5 ) ( 0 0.03125 -231.75 ) ) texBounds ( ( 0 0 ) ( 64 64 ) ) "textures/common/caulk"
						plane ( 1 0 0 -112 ) matrix ( ( 0.03125 0 -41.5 ) ( 0 0.03125 -231.75 ) ) texBounds ( ( 0 0 ) ( 64 64 ) ) "textures/common/caulk"
						plane ( 0 -1 0 -8 ) matrix ( ( 0.03125 0 -41.5 ) ( 0 0.03125 -231.75 ) ) texBounds ( ( 0 0 ) ( 64 64 ) ) "textures/common/caulk"
						plane ( 0 1 0 -8 ) matrix ( ( 0.03125 0 -41.5 ) ( 0 0.03125 -231.75 ) ) texBounds ( ( 0 0 ) ( 64 64 ) ) "textures/common/caulk"
					}
				}
				sdPrimitiveBrush "sdprimitivebrush_15" {
					
					sdTransform {
						translation ( 248.005859375 208.0078125 -288.0089111328 )
					}
					
					faces {
						plane ( -0 0 1 -96 ) matrix ( ( 0.03125 0 -41.5 ) ( 0 0.03125 -231.75 ) ) texBounds ( ( 0 0 ) ( 64 64 ) ) "textures/common/caulk"
						plane ( 0 0 -1 -96 ) matrix ( ( 0.03125 0 -41.5 ) ( 0 0.03125 -231.75 ) ) texBounds ( ( 0 0 ) ( 64 64 ) ) "textures/common/caulk"
						plane ( -0.7071068287 0.7071068287 0 -19.798992157 ) matrix ( ( 0.03125 0 -41.5001068115 ) ( 0 0.03125 -231.75 ) ) texBounds ( ( 0 0 ) ( 64 64 ) ) "textures/common/caulk"
						plane ( 1 0 0 -48 ) matrix ( ( 0.03125 0 -41.5 ) ( 0 0.03125 -231.75 ) ) texBounds ( ( 0 0 ) ( 64 64 ) ) "textures/common/caulk"
						plane ( 0 -1 0 -4 ) matrix ( ( 0.010416667 0 77.333366394 ) ( 0 0.0013020834 0.6666669846 ) ) texBounds ( ( 0 0 ) ( 256 2048 ) ) "texturesheets/refinery/refinery_building"
						plane ( 0 1 -0 -4 ) matrix ( ( 0.03125 0 -41.5 ) ( 0 0.03125 -231.75 ) ) texBounds ( ( 0 0 ) ( 64 64 ) ) "textures/common/caulk"
					}
				}
				sdPrimitiveBrush "sdprimitivebrush_16" {
					
					sdTransform {
						translation ( -23.994140625 208.0078125 -288.0089111328 )
					}
					
					faces {
						plane ( -0 0 1 -96 ) matrix ( ( 0.03125 0 -41.5 ) ( 0 0.03125 -231.75 ) ) texBounds ( ( 0 0 ) ( 64 64 ) ) "textures/common/caulk"
						plane ( -0 -0 -1 -96 ) matrix ( ( 0.03125 0 -41.5 ) ( 0 0.03125 -231.75 ) ) texBounds ( ( 0 0 ) ( 64 64 ) ) "textures/common/caulk"
						plane ( -1 0 0 -32 ) matrix ( ( 0.03125 0 -41.5 ) ( 0 0.03125 -231.75 ) ) texBounds ( ( 0 0 ) ( 64 64 ) ) "textures/common/caulk"
						plane ( 0.7071068287 0.7071068287 0.0000002107 -31.1069831848 ) matrix ( ( 0.03125 0 -41.4998283386 ) ( 0 0.03125 -231.75 ) ) texBounds ( ( 0 0 ) ( 64 64 ) ) "textures/common/caulk"
						plane ( 0 -1 0 -4 ) matrix ( ( 0.010416667 0 77.333366394 ) ( 0 0.0013020834 0.6666669846 ) ) texBounds ( ( 0 0 ) ( 256 2048 ) ) "texturesheets/refinery/refinery_building"
						plane ( 0 1 0 -4 ) matrix ( ( 0.03125 0 -41.5 ) ( 0 0.03125 -231.75 ) ) texBounds ( ( 0 0 ) ( 64 64 ) ) "textures/common/caulk"
					}
				}
				sdPrimitiveBrush "sdprimitivebrush_20" {
					
					sdTransform {
						translation ( -819.994140625 -79.9921875 183.9910888672 )
					}
					
					faces {
						plane ( 0 0 1 -80 ) matrix ( ( 0.03125 0 -41.5 ) ( 0 0.03125 -231.75 ) ) texBounds ( ( 0 0 ) ( 64 64 ) ) "textures/common/caulk"
						plane ( 0 0 -1 -80 ) matrix ( ( 0.03125 0 -41.5 ) ( 0 0.03125 -231.75 ) ) texBounds ( ( 0 0 ) ( 64 64 ) ) "textures/common/caulk"
						plane ( 1 0 0 -700 ) matrix ( ( 0.03125 0 -41.5 ) ( 0 0.03125 -231.75 ) ) texBounds ( ( 0 0 ) ( 64 64 ) ) "textures/common/caulk"
						plane ( 0 -1 0 -4 ) matrix ( ( 0.0078124939 0 55.929649353 ) ( 0 -0.000945173 -0.2874720693 ) ) texBounds ( ( 0 2048 ) ( 192 2590 ) ) "texturesheets/refinery/refinery_building"
						plane ( 0 1 0 -4 ) matrix ( ( 0.03125 0 -41.5 ) ( 0 0.03125 -231.75 ) ) texBounds ( ( 0 0 ) ( 64 64 ) ) "textures/common/caulk"
						plane ( -1 0 0 444 ) matrix ( ( 0.03125 0 -41.5 ) ( 0 0.03125 -231.75 ) ) texBounds ( ( 0 0 ) ( 64 64 ) ) "textures/common/caulk"
					}
				}
				sdPrimitiveBrush "sdprimitivebrush_26" {
					
					sdTransform {
						translation ( 360.005859375 -15.9921875 -84.0089111328 )
					}
					
					faces {
						plane ( 0 0 1 -4 ) matrix ( ( 0.03125 0 -41.5 ) ( 0 0.03125 -231.75 ) ) texBounds ( ( 0 0 ) ( 64 64 ) ) "textures/common/caulk"
						plane ( 0 0 -1 -4 ) matrix ( ( 0.00390625 0 -5.75 ) ( 0 0.00390625 -29.5 ) ) texBounds ( ( 0 512 ) ( 512 1024 ) ) "textures/concrete/concrete_floor01"
						plane ( -1 0 0 -32 ) matrix ( ( 0.03125 0 -41.5 ) ( 0 0.03125 -231.75 ) ) texBounds ( ( 0 0 ) ( 64 64 ) ) "textures/common/caulk"
						plane ( 1 0 0 -32 ) matrix ( ( 0.03125 0 -41.5 ) ( 0 0.03125 -231.75 ) ) texBounds ( ( 0 0 ) ( 64 64 ) ) "textures/common/caulk"
						plane ( -0.7071067691 0.7071067691 0 -200.8183288574 ) matrix ( ( 0.03125 0 -41.5001068115 ) ( 0 0.03125 -231.75 ) ) texBounds ( ( 0 0 ) ( 64 64 ) ) "textures/common/caulk"
						plane ( 0 -1 0 -324 ) matrix ( ( 0.03125 0 -41.5 ) ( 0 0.03125 -231.75 ) ) texBounds ( ( 0 0 ) ( 64 64 ) ) "textures/common/caulk"
					}
				}
				sdPrimitiveBrush "sdprimitivebrush_28" {
					
					sdTransform {
						translation ( 320.005859375 -255.9921875 -204.0089111328 )
					}
					
					faces {
						plane ( 0 0 1 -116 ) matrix ( ( 0.03125 0 -41.5 ) ( 0 0.03125 -231.75 ) ) texBounds ( ( 0 0 ) ( 64 64 ) ) "textures/common/caulk"
						plane ( 0 0 -1 -156 ) matrix ( ( 0.03125 0 -41.5 ) ( 0 0.03125 -231.75 ) ) texBounds ( ( 0 0 ) ( 64 64 ) ) "textures/common/caulk"
						plane ( -1 0 0 0 ) matrix ( ( 0.03125 0 -41.5 ) ( 0 0.03125 -231.75 ) ) texBounds ( ( 0 0 ) ( 64 64 ) ) "textures/common/caulk"
						plane ( 1 0 0 -8 ) matrix ( ( 0.00390625 0 -0.375 ) ( 0 0.0004595588 0.7316175699 ) ) texBounds ( ( 96 768 ) ( 288 1024 ) ) "texturesheets/refinery/refinery_building"
						plane ( -0.7071067691 0.7071067691 0 -342.2396850586 ) matrix ( ( 0.03125 0 -41.5001068115 ) ( 0 0.03125 -231.75 ) ) texBounds ( ( 0 0 ) ( 64 64 ) ) "textures/common/caulk"
