sdWorldFile version 5 {
	sdDictionary {
		"editor_last_atmosphere"	"atmosphere://ark_clear"
	}

	meta {
		sdLODGroup "ark_gdf_base" {
			propertyTable {
				"color"		( 1 1 1 )
				"numstages"		3
				"uniqueinstance"		1
			}
			levels {
				"ark_gdf_base (Level 01)"
				"ark_gdf_base (Level 02)"
				"ark_gdf_base (Level 03)"
			}
		}
		sdLODGroup "ark_gdf_base_min" {
			propertyTable {
				"color"		( 1 1 1 )
				"numstages"		1
				"uniqueinstance"		1
			}
			levels {
				"ark_gdf_base_min (Level 01)"
			}
		}
		sdLODGroup_Level "ark_gdf_base (Level 01)" {
			propertyTable {
				"color"		( 1 0 0 )
				"maxvisdist"		6800
				"minvisdist"		0
				"visdistfalloff"		0.001
				"shadowvisdistmult"		0
				"inlinecollisionmodel"		1
				"generateaas"		1
				"ambientcubemap"		""
				"pushbyorigin"		0
				"visdummies"		""
				"instance"		0
				"occlusiontest"		0
				"drawspec"		""
				"shadowspec"		""
				"noshadows"		0
				"dontcastfromatmoslight"		0
			}
		}
		sdLODGroup_Level "ark_gdf_base (Level 02)" {
			propertyTable {
				"color"		( 1 0 0 )
				"maxvisdist"		5500
				"minvisdist"		0
				"visdistfalloff"		0.001
				"shadowvisdistmult"		0
				"inlinecollisionmodel"		1
				"generateaas"		1
				"ambientcubemap"		""
				"pushbyorigin"		0
				"visdummies"		""
				"instance"		0
				"occlusiontest"		0
				"drawspec"		""
				"shadowspec"		"med"
				"noshadows"		0
				"dontcastfromatmoslight"		0
			}
		}
		sdLODGroup_Level "ark_gdf_base_min (Level 01)" {
			propertyTable {
				"color"		( 1 0 0 )
				"maxvisdist"		64384
				"minvisdist"		5465
				"visdistfalloff"		0.001
				"shadowvisdistmult"		0
				"inlinecollisionmodel"		1
				"generateaas"		1
				"ambientcubemap"		""
				"pushbyorigin"		0
				"visdummies"		""
				"instance"		0
				"occlusiontest"		1
				"drawspec"		""
				"shadowspec"		""
				"noshadows"		0
				"dontcastfromatmoslight"		0
			}
		}
		sdLODGroup_Level "ark_gdf_base (Level 03)" {
			propertyTable {
				"color"		( 1 0 0 )
				"maxvisdist"		24000
				"minvisdist"		0
				"visdistfalloff"		0.25
				"shadowvisdistmult"		0
				"inlinecollisionmodel"		1
				"generateaas"		1
				"ambientcubemap"		""
				"pushbyorigin"		0
				"visdummies"		""
				"instance"		0
				"occlusiontest"		1
				"drawspec"		""
				"shadowspec"		"med"
				"noshadows"		0
				"dontcastfromatmoslight"		0
			}
		}
	}
	primitiveHolders {
		sdPrimitiveEntity "worldspawn" {
			classname "worldspawn"
			primitives {
				sdPrimitivePatch "sdPrimitivePatch" 
				groups {
					"ark_gdf_base_min (Level 01)"
				}
				{
					
					sdTransform {
						translation ( -1174 -1962 431 )
						rotation ( ( 0 -0.0000000596 0.9999999404 ) ( 0.999999702 0.0000001711 0 ) ( -0.0000001711 0.9999996424 0.0000000596 ) )
					}
					
					allowThicken 1
					allowCap 0
					thickenAllEdges 1
					useExplicitSubdivisions 0
					texMatrix ( ( -0.0000002186 1 0 ) ( -1 -0.0000002186 0 ) )
					texBounds ( ( 0 2048 ) ( 256 2560 ) )
					material "models/mapobjects/gdf_base/gdf_base_sheeted"
					explicitSubdivisions( 3 3 )
					controlPoints( 3 3 ) {
						(
							( ( -128 31.0000152588 101 1.0000001192 0.2499999702 ) ( 88 31.0000152588 101 1 0.1249999702 ) ( 88 31.0000152588 101 0.9999998808 -0.0000000298 ) )
							( ( -128 -31.9999847412 120 0.5000001192 0.25 ) ( 88 -31.9999847412 120 0.5 0.125 ) ( 88 -31.9999847412 120 0.4999998808 0 ) )
							( ( -128 -31.9999847412 120 0.0000001192 0.2500000298 ) ( 88 -31.9999847412 120 0 0.1250000298 ) ( 88 -31.9999847412 120 -0.0000001192 0.0000000298 ) )
						)
					}
				}
				sdPrimitivePatch "sdPrimitivePatch" 
				groups {
					"ark_gdf_base_min (Level 01)"
				}
				{
					
					sdTransform {
						translation ( -1175 -2031 440 )
						rotation ( ( 0 -0.0000000596 0.9999999404 ) ( 0.999999702 0.0000001711 0 ) ( -0.0000001711 0.9999996424 0.0000000596 ) )
					}
					
					allowThicken 1
					allowCap 0
					thickenAllEdges 1
					useExplicitSubdivisions 0
					texMatrix ( ( 0.000000306 -1 0 ) ( 1 0.000000306 0.1484375 ) )
					texBounds ( ( 0 1744 ) ( 256 2268 ) )
					material "models/mapobjects/gdf_base/gdf_base_sheeted"
					explicitSubdivisions( 3 3 )
					controlPoints( 3 3 ) {
						(
							( ( -136 293 141.9999694824 -0.0000001788 0.1484375447 ) ( 69.9999847412 292 141.9999694824 0 0.2763672471 ) ( 69.9999847412 292 141.9999694824 0.000000149 0.4042969346 ) )
							( ( -136 39.9999961853 168 0.499999851 0.1484375 ) ( 70 39 168 0.5 0.2763671875 ) ( 70 39 168 0.5000001788 0.404296875 ) )
							( ( -136 39.9999961853 168 0.9999998808 0.1484374553 ) ( 70 39 168 1 0.2763671279 ) ( 70 39 168 1.0000002384 0.4042968452 ) )
						)
					}
				}
				sdPrimitivePatch "sdPrimitivePatch" 
				groups {
					"ark_gdf_base_min (Level 01)"
				}
				{
					
					sdTransform {
						translation ( -1174 -1962 431 )
						rotation ( ( 0 -0.0000000596 0.9999999404 ) ( 0.999999702 0.0000001711 0 ) ( -0.0000001711 0.9999996424 0.0000000596 ) )
					}
					
					allowThicken 1
					allowCap 0
					thickenAllEdges 1
					useExplicitSubdivisions 0
					texMatrix ( ( -0.0000002186 1 0 ) ( -1 -0.0000002186 0 ) )
					texBounds ( ( 0 2048 ) ( 256 2560 ) )
					material "models/mapobjects/gdf_base/gdf_base_sheeted"
					explicitSubdivisions( 3 3 )
					controlPoints( 3 3 ) {
						(
							( ( -128 -31.9999847412 120 0.0000001192 0.2500000298 ) ( 88 -31.9999847412 120 0 0.1250000298 ) ( 88 -31.9999847412 120 -0.0000001192 0.0000000298 ) )
							( ( -128 -31.9999847412 120 0.5000001192 0.25 ) ( 88 -31.9999847412 120 0.5 0.125 ) ( 88 -31.9999847412 120 0.4999998808 0 ) )
							( ( -128 31.0000152588 101 1.0000001192 0.2499999702 ) ( 88 31.0000152588 101 1 0.1249999702 ) ( 88 31.0000152588 101 0.9999998808 -0.0000000298 ) )
						)
					}
				}
				sdPrimitivePatch "sdPrimitivePatch" 
				groups {
					"ark_gdf_base_min (Level 01)"
				}
				{
					
					sdTransform {
						translation ( -1175 -2031 440 )
						rotation ( ( 0 -0.0000000596 0.9999999404 ) ( 0.999999702 0.0000001711 0 ) ( -0.0000001711 0.9999996424 0.0000000596 ) )
					}
					
					allowThicken 1
					allowCap 0
					thickenAllEdges 1
					useExplicitSubdivisions 0
					texMatrix ( ( 0.000000306 -1 0 ) ( 1 0.000000306 0.1484375 ) )
					texBounds ( ( 0 1744 ) ( 256 2268 ) )
					material "models/mapobjects/gdf_base/gdf_base_sheeted"
					explicitSubdivisions( 3 3 )
					controlPoints( 3 3 ) {
						(
							( ( -136 39.9999961853 168 0.9999998808 0.1484374553 ) ( 70 39 168 1 0.2763671279 ) ( 70 39 168 1.0000002384 0.4042968452 ) )
							( ( -136 39.9999961853 168 0.499999851 0.1484375 ) ( 70 39 168 0.5 0.2763671875 ) ( 70 39 168 0.5000001788 0.404296875 ) )
							( ( -136 293 141.9999694824 -0.0000001788 0.1484375447 ) ( 69.9999847412 292 141.9999694824 0 0.2763672471 ) ( 69.9999847412 292 141.9999694824 0.000000149 0.4042969346 ) )
						)
					}
				}
				sdPrimitivePatch "sdPrimitivePatch" 
				groups {
					"ark_gdf_base_min (Level 01)"
				}
				{
					
					sdTransform {
						translation ( -1479 -1896 440 )
						rotation ( ( 0 -0.0000000596 0.9999999404 ) ( 0.999999702 0.0000001711 0 ) ( -0.0000001711 0.9999996424 0.0000000596 ) )
					}
					
					allowThicken 1
					allowCap 0
					thickenAllEdges 1
					useExplicitSubdivisions 0
					texMatrix ( ( 0.000000306 -1 0 ) ( 1 0.000000306 0.1484375 ) )
					texBounds ( ( 0 1744 ) ( 256 2268 ) )
					material "models/mapobjects/gdf_base/gdf_base_sheeted"
					explicitSubdivisions( 3 3 )
					controlPoints( 3 3 ) {
						(
							( ( -136 267 57 -0.0000001788 0.1484375447 ) ( 70 266 57 0 0.2763672471 ) ( 70 266 57 0.000000149 0.4042969346 ) )
							( ( -136 40 168 0.499999851 0.1484375 ) ( 70 39 168 0.5 0.2763671875 ) ( 70 39 168 0.5000001788 0.404296875 ) )
							( ( -136 40 168 0.9999998808 0.1484374553 ) ( 70 39 168 1 0.2763671279 ) ( 70 39 168 1.0000002384 0.4042968452 ) )
						)
					}
				}
				sdPrimitivePatch "sdPrimitivePatch" 
				groups {
					"ark_gdf_base_min (Level 01)"
				}
				{
					
					sdTransform {
						translation ( -1479 -1896 440 )
						rotation ( ( 0 -0.0000000596 0.9999999404 ) ( 0.999999702 0.0000001711 0 ) ( -0.0000001711 0.9999996424 0.0000000596 ) )
					}
					
					allowThicken 1
					allowCap 0
					thickenAllEdges 1
					useExplicitSubdivisions 0
					texMatrix ( ( 0.000000306 -1 0 ) ( 1 0.000000306 0.1484375 ) )
					texBounds ( ( 0 1744 ) ( 256 2268 ) )
					material "models/mapobjects/gdf_base/gdf_base_sheeted"
					explicitSubdivisions( 3 3 )
					controlPoints( 3 3 ) {
						(
							( ( -136 40 168 0.9999998808 0.1484374553 ) ( 70 39 168 1 0.2763671279 ) ( 70 39 168 1.0000002384 0.4042968452 ) )
							( ( -136 40 168 0.499999851 0.1484375 ) ( 70 39 168 0.5 0.2763671875 ) ( 70 39 168 0.5000001788 0.404296875 ) )
							( ( -136 267 57 -0.0000001788 0.1484375447 ) ( 70 266 57 0 0.2763672471 ) ( 70 266 57 0.000000149 0.4042969346 ) )
						)
					}
				}
				sdPrimitivePatch "sdPrimitivePatch" 
				groups {
					"ark_gdf_base_min (Level 01)"
				}
				{
					
					sdTransform {
						translation ( -1760 -1719 440 )
						rotation ( ( 0 -0.0000000596 0.9999999404 ) ( 0.999999702 0.0000001711 0 ) ( -0.0000001711 0.9999996424 0.0000000596 ) )
					}
					
					allowThicken 1
					allowCap 0
					thickenAllEdges 1
					useExplicitSubdivisions 0
					texMatrix ( ( 0.000000306 -1 0 ) ( 1 0.000000306 0.1484375 ) )
					texBounds ( ( 0 1744 ) ( 256 2268 ) )
					material "models/mapobjects/gdf_base/gdf_base_sheeted"
					explicitSubdivisions( 3 3 )
					controlPoints( 3 3 ) {
						(
							( ( -136 254 34 -0.0000001788 0.1484375447 ) ( 70 254 34 0 0.2763672471 ) ( 70 254 34 0.000000149 0.4042969346 ) )
							( ( -136 39 168 0.499999851 0.1484375 ) ( 70 39 168 0.5 0.2763671875 ) ( 70 39 168 0.5000001788 0.404296875 ) )
							( ( -136 39 168 0.9999998808 0.1484374553 ) ( 70 39 168 1 0.2763671279 ) ( 70 39 168 1.0000002384 0.4042968452 ) )
						)
					}
				}
				sdPrimitivePatch "sdPrimitivePatch" 
				groups {
					"ark_gdf_base_min (Level 01)"
				}
				{
					
					sdTransform {
						translation ( -1760 -1719 440 )
						rotation ( ( 0 -0.0000000596 0.9999999404 ) ( 0.999999702 0.0000001711 0 ) ( -0.0000001711 0.9999996424 0.0000000596 ) )
					}
					
					allowThicken 1
					allowCap 0
					thickenAllEdges 1
					useExplicitSubdivisions 0
					texMatrix ( ( 0.000000306 -1 0 ) ( 1 0.000000306 0.1484375 ) )
					texBounds ( ( 0 1744 ) ( 256 2268 ) )
					material "models/mapobjects/gdf_base/gdf_base_sheeted"
					explicitSubdivisions( 3 3 )
					controlPoints( 3 3 ) {
						(
							( ( -136 39 168 0.9999998808 0.1484374553 ) ( 70 39 168 1 0.2763671279 ) ( 70 39 168 1.0000002384 0.4042968452 ) )
							( ( -136 39 168 0.499999851 0.1484375 ) ( 70 39 168 0.5 0.2763671875 ) ( 70 39 168 0.5000001788 0.404296875 ) )
							( ( -136 254 34 -0.0000001788 0.1484375447 ) ( 70 254 34 0 0.2763672471 ) ( 70 254 34 0.000000149 0.4042969346 ) )
						)
					}
				}
				sdPrimitivePatch "sdPrimitivePatch" 
				groups {
					"ark_gdf_base_min (Level 01)"
				}
				{
					
					sdTransform {
						translation ( -2038 -1529 440 )
						rotation ( ( 0 -0.0000000596 0.9999999404 ) ( 0.999999702 0.0000001711 0 ) ( -0.0000001711 0.9999996424 0.0000000596 ) )
					}
					
					allowThicken 1
					allowCap 0
					thickenAllEdges 1
					useExplicitSubdivisions 0
					texMatrix ( ( 0.000000306 -1 0 ) ( 1 0.000000306 0.1484375 ) )
					texBounds ( ( 0 1744 ) ( 256 2268 ) )
					material "models/mapobjects/gdf_base/gdf_base_sheeted"
					explicitSubdivisions( 3 3 )
					controlPoints( 3 3 ) {
						(
							( ( -136 242 15 -0.0000001788 0.1484375447 ) ( 70 242 15 0 0.2763672471 ) ( 70 242 15 0.000000149 0.4042969346 ) )
							( ( -136 39 168 0.499999851 0.1484375 ) ( 70 39 168 0.5 0.2763671875 ) ( 70 39 168 0.5000001788 0.404296875 ) )
							( ( -136 39 168 0.9999998808 0.1484374553 ) ( 70 39 168 1 0.2763671279 ) ( 70 39 168 1.0000002384 0.4042968452 ) )
						)
					}
				}
				sdPrimitivePatch "sdPrimitivePatch" 
				groups {
					"ark_gdf_base_min (Level 01)"
				}
				{
					
					sdTransform {
						translation ( -2038 -1529 440 )
						rotation ( ( 0 -0.0000000596 0.9999999404 ) ( 0.999999702 0.0000001711 0 ) ( -0.0000001711 0.9999996424 0.0000000596 ) )
					}
					
					allowThicken 1
					allowCap 0
					thickenAllEdges 1
					useExplicitSubdivisions 0
					texMatrix ( ( 0.000000306 -1 0 ) ( 1 0.000000306 0.1484375 ) )
					texBounds ( ( 0 1744 ) ( 256 2268 ) )
					material "models/mapobjects/gdf_base/gdf_base_sheeted"
					explicitSubdivisions( 3 3 )
					controlPoints( 3 3 ) {
						(
							( ( -136 39 168 0.9999998808 0.1484374553 ) ( 70 39 168 1 0.2763671279 ) ( 70 39 168 1.0000002384 0.4042968452 ) )
							( ( -136 39 168 0.499999851 0.1484375 ) ( 70 39 168 0.5 0.2763671875 ) ( 70 39 168 0.5000001788 0.404296875 ) )
							( ( -136 242 15 -0.0000001788 0.1484375447 ) ( 70 242 15 0 0.2763672471 ) ( 70 242 15 0.000000149 0.4042969346 ) )
						)
					}
				}
				sdPrimitivePatch "sdPrimitivePatch" 
				groups {
					"ark_gdf_base_min (Level 01)"
				}
				{
					
					sdTransform {
						translation ( -2280 -1299 440 )
						rotation ( ( 0 -0.0000000596 0.9999999404 ) ( 0.999999702 0.0000001711 0 ) ( -0.0000001711 0.9999996424 0.0000000596 ) )
					}
					
					allowThicken 1
					allowCap 0
					thickenAllEdges 1
					useExplicitSubdivisions 0
					texMatrix ( ( 0.000000306 -1 0 ) ( 1 0.000000306 0.1484375 ) )
					texBounds ( ( 0 1744 ) ( 256 2268 ) )
					material "models/mapobjects/gdf_base/gdf_base_sheeted"
					explicitSubdivisions( 3 3 )
					controlPoints( 3 3 ) {
						(
							( ( -136 216 -14.9999837875 -0.0000001788 0.1484375447 ) ( 70 216 -14.9999837875 0 0.2763672471 ) ( 70 216 -14.9999837875 0.000000149 0.4042969346 ) )
							( ( -136 39 168 0.499999851 0.1484375 ) ( 70 39 168 0.5 0.2763671875 ) ( 70 39 168 0.5000001788 0.404296875 ) )
							( ( -136 39 168 0.9999998808 0.1484374553 ) ( 70 39 168 1 0.2763671279 ) ( 70 39 168 1.0000002384 0.4042968452 ) )
						)
					}
				}
				sdPrimitivePatch "sdPrimitivePatch" 
				groups {
					"ark_gdf_base_min (Level 01)"
				}
				{
					
					sdTransform {
						translation ( -2280 -1299 440 )
						rotation ( ( 0 -0.0000000596 0.9999999404 ) ( 0.999999702 0.0000001711 0 ) ( -0.0000001711 0.9999996424 0.0000000596 ) )
					}
					
					allowThicken 1
					allowCap 0
					thickenAllEdges 1
					useExplicitSubdivisions 0
					texMatrix ( ( 0.000000306 -1 0 ) ( 1 0.000000306 0.1484375 ) )
					texBounds ( ( 0 1744 ) ( 256 2268 ) )
					material "models/mapobjects/gdf_base/gdf_base_sheeted"
					explicitSubdivisions( 3 3 )
					controlPoints( 3 3 ) {
						(
							( ( -136 39 168 0.9999998808 0.1484374553 ) ( 70 39 168 1 0.2763671279 ) ( 70 39 168 1.0000002384 0.4042968452 ) )
							( ( -136 39 168 0.499999851 0.1484375 ) ( 70 39 168 0.5 0.2763671875 ) ( 70 39 168 0.5000001788 0.404296875 ) )
							( ( -136 216 -14.9999837875 -0.0000001788 0.1484375447 ) ( 70 216 -14.9999837875 0 0.2763672471 ) ( 70 216 -14.9999837875 0.000000149 0.4042969346 ) )
						)
					}
				}
				sdPrimitivePatch "sdPrimitivePatch" 
				groups {
					"ark_gdf_base_min (Level 01)"
				}
				{
					
					sdTransform {
						translation ( -2469 -1027 440 )
						rotation ( ( 0 -0.0000000596 0.9999999404 ) ( 0.999999702 0.0000001711 0 ) ( -0.0000001711 0.9999996424 0.0000000596 ) )
					}
					
					allowThicken 1
					allowCap 0
					thickenAllEdges 1
					useExplicitSubdivisions 0
					texMatrix ( ( 0.000000306 -1 0 ) ( 1 0.000000306 0.1484375 ) )
					texBounds ( ( 0 1744 ) ( 256 2268 ) )
					material "models/mapobjects/gdf_base/gdf_base_sheeted"
					explicitSubdivisions( 3 3 )
					controlPoints( 3 3 ) {
						(
							( ( -136 174 -47.9999732971 -0.0000001788 0.1484375447 ) ( 70 174 -47.9999732971 0 0.2763672471 ) ( 70 174 -47.9999732971 0.000000149 0.4042969346 ) )
							( ( -136 39 168 0.499999851 0.1484375 ) ( 70 39 168 0.5 0.2763671875 ) ( 70 39 168 0.5000001788 0.404296875 ) )
							( ( -136 39 168 0.9999998808 0.1484374553 ) ( 70 39 168 1 0.2763671279 ) ( 70 39 168 1.0000002384 0.4042968452 ) )
						)
					}
				}
				sdPrimitivePatch "sdPrimitivePatch" 
				groups {
					"ark_gdf_base_min (Level 01)"
				}
				{
					
					sdTransform {
						translation ( -2469 -1027 440 )
						rotation ( ( 0 -0.0000000596 0.9999999404 ) ( 0.999999702 0.0000001711 0 ) ( -0.0000001711 0.9999996424 0.0000000596 ) )
					}
					
					allowThicken 1
					allowCap 0
					thickenAllEdges 1
					useExplicitSubdivisions 0
					texMatrix ( ( 0.000000306 -1 0 ) ( 1 0.000000306 0.1484375 ) )
					texBounds ( ( 0 1744 ) ( 256 2268 ) )
					material "models/mapobjects/gdf_base/gdf_base_sheeted"
					explicitSubdivisions( 3 3 )
					controlPoints( 3 3 ) {
						(
							( ( -136 39 168 0.9999998808 0.1484374553 ) ( 70 39 168 1 0.2763671279 ) ( 70 39 168 1.0000002384 0.4042968452 ) )
							( ( -136 39 168 0.499999851 0.1484375 ) ( 70 39 168 0.5 0.2763671875 ) ( 70 39 168 0.5000001788 0.404296875 ) )
							( ( -136 174 -47.9999732971 -0.0000001788 0.1484375447 ) ( 70 174 -47.9999732971 0 0.2763672471 ) ( 70 174 -47.9999732971 0.000000149 0.4042969346 ) )
						)
					}
				}
				sdPrimitivePatch "sdPrimitivePatch" 
				groups {
					"ark_gdf_base_min (Level 01)"
				}
				{
					
					sdTransform {
						translation ( -2606 -723 440 )
						rotation ( ( 0 -0.0000000596 0.9999999404 ) ( 0.999999702 0.0000001711 0 ) ( -0.0000001711 0.9999996424 0.0000000596 ) )
					}
					
					allowThicken 1
					allowCap 0
					thickenAllEdges 1
					useExplicitSubdivisions 0
					texMatrix ( ( 0.000000306 -1 0 ) ( 1 0.000000306 0.1484375 ) )
					texBounds ( ( 0 1744 ) ( 256 2268 ) )
					material "models/mapobjects/gdf_base/gdf_base_sheeted"
					explicitSubdivisions( 3 3 )
					controlPoints( 3 3 ) {
						(
							( ( -136 143 -63.9999694824 -0.0000001788 0.1484375447 ) ( 70 143 -63.9999694824 0 0.2763672471 ) ( 70 143 -63.9999694824 0.000000149 0.4042969346 ) )
							( ( -136 39 168 0.499999851 0.1484375 ) ( 70 39 168 0.5 0.2763671875 ) ( 70 39 168 0.5000001788 0.404296875 ) )
							( ( -136 39 168 0.9999998808 0.1484374553 ) ( 70 39 168 1 0.2763671279 ) ( 70 39 168 1.0000002384 0.4042968452 ) )
						)
					}
				}
				sdPrimitivePatch "sdPrimitivePatch" 
				groups {
					"ark_gdf_base_min (Level 01)"
				}
				{
					
					sdTransform {
						translation ( -2606 -723 440 )
						rotation ( ( 0 -0.0000000596 0.9999999404 ) ( 0.999999702 0.0000001711 0 ) ( -0.0000001711 0.9999996424 0.0000000596 ) )
					}
					
					allowThicken 1
					allowCap 0
					thickenAllEdges 1
					useExplicitSubdivisions 0
					texMatrix ( ( 0.000000306 -1 0 ) ( 1 0.000000306 0.1484375 ) )
					texBounds ( ( 0 1744 ) ( 256 2268 ) )
					material "models/mapobjects/gdf_base/gdf_base_sheeted"
					explicitSubdivisions( 3 3 )
					controlPoints( 3 3 ) {
						(
							( ( -136 39 168 0.9999998808 0.1484374553 ) ( 70 39 168 1 0.2763671279 ) ( 70 39 168 1.0000002384 0.4042968452 ) )
							( ( -136 39 168 0.499999851 0.1484375 ) ( 70 39 168 0.5 0.2763671875 ) ( 70 39 168 0.5000001788 0.404296875 ) )
							( ( -136 143 -63.9999694824 -0.0000001788 0.1484375447 ) ( 70 143 -63.9999694824 0 0.2763672471 ) ( 70 143 -63.9999694824 0.000000149 0.4042969346 ) )
						)
					}
				}
				sdPrimitivePatch "sdPrimitivePatch" 
				groups {
					"ark_gdf_base_min (Level 01)"
				}
				{
					
					sdTransform {
						translation ( -2721 -402 404 )
						rotation ( ( 0 -0.0000000596 0.9999999404 ) ( 0.999999702 0.0000001711 0 ) ( -0.0000001711 0.9999996424 0.0000000596 ) )
					}
					
					allowThicken 1
					allowCap 0
					thickenAllEdges 1
					useExplicitSubdivisions 0
					texMatrix ( ( 0.000000306 -1 0 ) ( 1 0.000000306 0.1484375 ) )
					texBounds ( ( 0 1744 ) ( 256 2268 ) )
					material "models/mapobjects/gdf_base/gdf_base_sheeted"
					explicitSubdivisions( 3 3 )
					controlPoints( 3 3 ) {
						(
							( ( -136 131 -69.9999694824 -0.0000001788 0.1484375447 ) ( 70 131 -69.9999694824 0 0.2763672471 ) ( 70 131 -69.9999694824 0.000000149 0.4042969346 ) )
							( ( -136 39 168 0.499999851 0.1484375 ) ( 70 39 168 0.5 0.2763671875 ) ( 70 39 168 0.5000001788 0.404296875 ) )
							( ( -136 39 168 0.9999998808 0.1484374553 ) ( 70 39 168 1 0.2763671279 ) ( 70 39 168 1.0000002384 0.4042968452 ) )
						)
					}
				}
				sdPrimitivePatch "sdPrimitivePatch" 
				groups {
					"ark_gdf_base_min (Level 01)"
				}
				{
					
					sdTransform {
						translation ( -2721 -402 404 )
						rotation ( ( 0 -0.0000000596 0.9999999404 ) ( 0.999999702 0.0000001711 0 ) ( -0.0000001711 0.9999996424 0.0000000596 ) )
					}
					
					allowThicken 1
					allowCap 0
					thickenAllEdges 1
					useExplicitSubdivisions 0
					texMatrix ( ( 0.000000306 -1 0 ) ( 1 0.000000306 0.1484375 ) )
					texBounds ( ( 0 1744 ) ( 256 2268 ) )
					material "models/mapobjects/gdf_base/gdf_base_sheeted"
					explicitSubdivisions( 3 3 )
					controlPoints( 3 3 ) {
						(
							( ( -136 39 168 0.9999998808 0.1484374553 ) ( 70 39 168 1 0.2763671279 ) ( 70 39 168 1.0000002384 0.4042968452 ) )
							( ( -136 39 168 0.499999851 0.1484375 ) ( 70 39 168 0.5 0.2763671875 ) ( 70 39 168 0.5000001788 0.404296875 ) )
							( ( -136 131 -69.9999694824 -0.0000001788 0.1484375447 ) ( 70 131 -69.9999694824 0 0.2763672471 ) ( 70 131 -69.9999694824 0.000000149 0.4042969346 ) )
						)
					}
				}
				sdPrimitivePatch "sdPrimitivePatch" 
				groups {
					"ark_gdf_base_min (Level 01)"
				}
				{
					
					sdTransform {
						translation ( 2198 339 144 )
						rotation ( ( 0 -0.0000000596 0.9999999404 ) ( 0.999999702 0.0000001711 0 ) ( -0.0000001711 0.9999996424 0.0000000596 ) )
					}
					
					allowThicken 1
					allowCap 0
					thickenAllEdges 1
					useExplicitSubdivisions 0
					texMatrix ( ( 0.000000306 -1 0 ) ( 1 0.000000306 0.1484375 ) )
					texBounds ( ( 0 1744 ) ( 256 2268 ) )
					material "models/mapobjects/gdf_base/gdf_base_sheeted"
					explicitSubdivisions( 3 3 )
					controlPoints( 3 3 ) {
						(
							( ( -136 131 -69.9999694824 -0.0000001788 0.1484375447 ) ( 70 131 -69.9999694824 0 0.2763672471 ) ( 70 131 -69.9999694824 0.000000149 0.4042969346 ) )
							( ( -136 157.9999694824 182 0.499999851 0.1484375 ) ( 70 157.9999694824 182 0.5 0.2763671875 ) ( 70 157.9999694824 182 0.5000001788 0.404296875 ) )
							( ( -136 157.9999694824 182 0.9999998808 0.1484374553 ) ( 70 157.9999694824 182 1 0.2763671279 ) ( 70 157.9999694824 182 1.0000002384 0.4042968452 ) )
						)
					}
				}
				sdPrimitivePatch "sdPrimitivePatch" 
				groups {
					"ark_gdf_base_min (Level 01)"
				}
				{
					
					sdTransform {
						translation ( 2198 339 144 )
						rotation ( ( 0 -0.0000000596 0.9999999404 ) ( 0.999999702 0.0000001711 0 ) ( -0.0000001711 0.9999996424 0.0000000596 ) )
					}
					
					allowThicken 1
					allowCap 0
					thickenAllEdges 1
					useExplicitSubdivisions 0
					texMatrix ( ( 0.000000306 -1 0 ) ( 1 0.000000306 0.1484375 ) )
					texBounds ( ( 0 1744 ) ( 256 2268 ) )
					material "models/mapobjects/gdf_base/gdf_base_sheeted"
					explicitSubdivisions( 3 3 )
					controlPoints( 3 3 ) {
						(
							( ( -136 157.9999694824 182 0.9999998808 0.1484374553 ) ( 70 157.9999694824 182 1 0.2763671279 ) ( 70 157.9999694824 182 1.0000002384 0.4042968452 ) )
							( ( -136 157.9999694824 182 0.499999851 0.1484375 ) ( 70 157.9999694824 182 0.5 0.2763671875 ) ( 70 157.9999694824 182 0.5000001788 0.404296875 ) )
							( ( -136 131 -69.9999694824 -0.0000001788 0.1484375447 ) ( 70 131 -69.9999694824 0 0.2763672471 ) ( 70 131 -69.9999694824 0.000000149 0.4042969346 ) )
						)
					}
				}
				sdPrimitivePatch "sdPrimitivePatch" 
				groups {
					"ark_gdf_base_min (Level 01)"
				}
				{
					
					sdTransform {
						translation ( 2104 -178 200 )
						rotation ( ( 0 -0.0000000596 0.9999999404 ) ( 0.999999702 0.0000001711 0 ) ( -0.0000001711 0.9999996424 0.0000000596 ) )
					}
					
					allowThicken 1
					allowCap 0
					thickenAllEdges 1
					useExplicitSubdivisions 0
					texMatrix ( ( 0.000000306 -1 0 ) ( 1 0.000000306 0.1484375 ) )
					texBounds ( ( 0 1744 ) ( 256 2268 ) )
					material "models/mapobjects/gdf_base/gdf_base_sheeted"
					explicitSubdivisions( 3 3 )
					controlPoints( 3 3 ) {
						(
							( ( -136 119 -68.9999694824 -0.0000001788 0.1484375447 ) ( 70 119 -68.9999694824 0 0.2763672471 ) ( 70 119 -68.9999694824 0.000000149 0.4042969346 ) )
							( ( -136 157.9999694824 182 0.499999851 0.1484375 ) ( 70 157.9999694824 182 0.5 0.2763671875 ) ( 70 157.9999694824 182 0.5000001788 0.404296875 ) )
							( ( -136 157.9999694824 182 0.9999998808 0.1484374553 ) ( 70 157.9999694824 182 1 0.2763671279 ) ( 70 157.9999694824 182 1.0000002384 0.4042968452 ) )
						)
					}
				}
				sdPrimitivePatch "sdPrimitivePatch" 
				groups {
					"ark_gdf_base_min (Level 01)"
				}
				{
					
					sdTransform {
						translation ( 2104 -178 200 )
						rotation ( ( 0 -0.0000000596 0.9999999404 ) ( 0.999999702 0.0000001711 0 ) ( -0.0000001711 0.9999996424 0.0000000596 ) )
					}
					
					allowThicken 1
					allowCap 0
					thickenAllEdges 1
					useExplicitSubdivisions 0
					texMatrix ( ( 0.000000306 -1 0 ) ( 1 0.000000306 0.1484375 ) )
					texBounds ( ( 0 1744 ) ( 256 2268 ) )
					material "models/mapobjects/gdf_base/gdf_base_sheeted"
					explicitSubdivisions( 3 3 )
					controlPoints( 3 3 ) {
						(
							( ( -136 157.9999694824 182 0.9999998808 0.1484374553 ) ( 70 157.9999694824 182 1 0.2763671279 ) ( 70 157.9999694824 182 1.0000002384 0.4042968452 ) )
							( ( -136 157.9999694824 182 0.499999851 0.1484375 ) ( 70 157.9999694824 182 0.5 0.2763671875 ) ( 70 157.9999694824 182 0.5000001788 0.404296875 ) )
							( ( -136 119 -68.9999694824 -0.0000001788 0.1484375447 ) ( 70 119 -68.9999694824 0 0.2763672471 ) ( 70 119 -68.9999694824 0.000000149 0.4042969346 ) )
						)
					}
				}
				sdPrimitivePatch "sdPrimitivePatch" 
				groups {
					"ark_gdf_base_min (Level 01)"
				}
				{
					
					sdTransform {
						translation ( 1570 -1406 201 )
						rotation ( ( 0 -0.0000000596 0.9999999404 ) ( 0.999999702 0.0000001711 0 ) ( -0.0000001711 0.9999996424 0.0000000596 ) )
					}
					
					allowThicken 1
					allowCap 0
					thickenAllEdges 1
					useExplicitSubdivisions 0
					texMatrix ( ( 0.000000306 -1 0 ) ( 1 0.000000306 0.1484375 ) )
					texBounds ( ( 0 1744 ) ( 256 2268 ) )
					material "models/mapobjects/gdf_base/gdf_base_sheeted"
					explicitSubdivisions( 3 3 )
					controlPoints( 3 3 ) {
						(
							( ( -136 -75.9999465942 82.0000228882 -0.0000001788 0.1484375447 ) ( 70 -75.9999465942 82.0000228882 0 0.2763672471 ) ( 70 -75.9999465942 82.0000228882 0.000000149 0.4042969346 ) )
							( ( -136 157.9999694824 182 0.499999851 0.1484375 ) ( 70 157.9999694824 182 0.5 0.2763671875 ) ( 70 157.9999694824 182 0.5000001788 0.404296875 ) )
							( ( -136 157.9999694824 182 0.9999998808 0.1484374553 ) ( 70 157.9999694824 182 1 0.2763671279 ) ( 70 157.9999694824 182 1.0000002384 0.4042968452 ) )
						)
					}
				}
				sdPrimitivePatch "sdPrimitivePatch" 
				groups {
					"ark_gdf_base_min (Level 01)"
				}
				{
					
					sdTransform {
						translation ( 1570 -1406 201 )
						rotation ( ( 0 -0.0000000596 0.9999999404 ) ( 0.999999702 0.0000001711 0 ) ( -0.0000001711 0.9999996424 0.0000000596 ) )
					}
					
					allowThicken 1
					allowCap 0
					thickenAllEdges 1
					useExplicitSubdivisions 0
					texMatrix ( ( 0.000000306 -1 0 ) ( 1 0.000000306 0.1484375 ) )
					texBounds ( ( 0 1744 ) ( 256 2268 ) )
					material "models/mapobjects/gdf_base/gdf_base_sheeted"
					explicitSubdivisions( 3 3 )
					controlPoints( 3 3 ) {
						(
							( ( -136 157.9999694824 182 0.9999998808 0.1484374553 ) ( 70 157.9999694824 182 1 0.2763671279 ) ( 70 157.9999694824 182 1.0000002384 0.4042968452 ) )
							( ( -136 157.9999694824 182 0.499999851 0.1484375 ) ( 70 157.9999694824 182 0.5 0.2763671875 ) ( 70 157.9999694824 182 0.5000001788 0.404296875 ) )
							( ( -136 -75.9999465942 82.0000228882 -0.0000001788 0.1484375447 ) ( 70 -75.9999465942 82.0000228882 0 0.2763672471 ) ( 70 -75.9999465942 82.0000228882 0.000000149 0.4042969346 ) )
						)
					}
				}
				sdPrimitivePatch "sdPrimitivePatch" 
				groups {
					"ark_gdf_base_min (Level 01)"
				}
				{
					
					sdTransform {
						translation ( 1926 2022 145 )
						rotation ( ( 0 -0.0000000596 0.9999999404 ) ( 0.999999702 0.0000001711 0 ) ( -0.0000001711 0.9999996424 0.0000000596 ) )
					}
					
					allowThicken 1
					allowCap 0
					thickenAllEdges 1
					useExplicitSubdivisions 0
					texMatrix ( ( 0.000000306 -1 0 ) ( 1 0.000000306 0.1484375 ) )
					texBounds ( ( 0 1744 ) ( 256 2268 ) )
					material "models/mapobjects/gdf_base/gdf_base_sheeted"
					explicitSubdivisions( 3 3 )
					controlPoints( 3 3 ) {
						(
							( ( -136 -75.9999465942 82.0000228882 -0.0000001788 0.1484375447 ) ( 70 -75.9999465942 82.0000228882 0 0.2763672471 ) ( 70 -75.9999465942 82.0000228882 0.000000149 0.4042969346 ) )
							( ( -136 -237.9999084473 277 0.499999851 0.1484375 ) ( 70 -237.9999084473 277 0.5 0.2763671875 ) ( 70 -237.9999084473 277 0.5000001788 0.404296875 ) )
							( ( -136 -237.9999084473 277 0.9999998808 0.1484374553 ) ( 70 -237.9999084473 277 1 0.2763671279 ) ( 70 -237.9999084473 277 1.0000002384 0.4042968452 ) )
						)
					}
				}
				sdPrimitivePatch "sdPrimitivePatch" 
				groups {
					"ark_gdf_base_min (Level 01)"
				}
				{
					
					sdTransform {
						translation ( 1926 2022 145 )
						rotation ( ( 0 -0.0000000596 0.9999999404 ) ( 0.999999702 0.0000001711 0 ) ( -0.0000001711 0.9999996424 0.0000000596 ) )
					}
					
					allowThicken 1
					allowCap 0
					thickenAllEdges 1
					useExplicitSubdivisions 0
					texMatrix ( ( 0.000000306 -1 0 ) ( 1 0.000000306 0.1484375 ) )
					texBounds ( ( 0 1744 ) ( 256 2268 ) )
					material "models/mapobjects/gdf_base/gdf_base_sheeted"
					explicitSubdivisions( 3 3 )
					controlPoints( 3 3 ) {
						(
							( ( -136 -237.9999084473 277 0.9999998808 0.1484374553 ) ( 70 -237.9999084473 277 1 0.2763671279 ) ( 70 -237.9999084473 277 1.0000002384 0.4042968452 ) )
							( ( -136 -237.9999084473 277 0.499999851 0.1484375 ) ( 70 -237.9999084473 277 0.5 0.2763671875 ) ( 70 -237.9999084473 277 0.5000001788 0.404296875 ) )
							( ( -136 -75.9999465942 82.0000228882 -0.0000001788 0.1484375447 ) ( 70 -75.9999465942 82.0000228882 0 0.2763672471 ) ( 70 -75.9999465942 82.0000228882 0.000000149 0.4042969346 ) )
						)
					}
				}
				sdPrimitivePatch "sdPrimitivePatch" 
				groups {
					"ark_gdf_base_min (Level 01)"
				}
				{
					
					sdTransform {
						translation ( -1467 -1809 431 )
						rotation ( ( 0 -0.0000000596 0.9999999404 ) ( 0.999999702 0.0000001711 0 ) ( -0.0000001711 0.9999996424 0.0000000596 ) )
					}
					
					allowThicken 1
					allowCap 0
					thickenAllEdges 1
					useExplicitSubdivisions 0
					texMatrix ( ( -0.0000002186 1 0 ) ( -1 -0.0000002186 0 ) )
					texBounds ( ( 0 2048 ) ( 256 2560 ) )
					material "models/mapobjects/gdf_base/gdf_base_sheeted"
					explicitSubdivisions( 3 3 )
					controlPoints( 3 3 ) {
						(
							( ( -128 23.0000152588 87 1.0000001192 0.2499999702 ) ( 88 23.0000152588 87 1 0.1249999702 ) ( 88 23.0000152588 87 0.9999998808 -0.0000000298 ) )
							( ( -128 -31.9999847412 120 0.5000001192 0.25 ) ( 88 -31.9999847412 120 0.5 0.125 ) ( 88 -31.9999847412 120 0.4999998808 0 ) )
							( ( -128 -31.9999847412 120 0.0000001192 0.2500000298 ) ( 88 -31.9999847412 120 0 0.1250000298 ) ( 88 -31.9999847412 120 -0.0000001192 0.0000000298 ) )
						)
					}
				}
				sdPrimitivePatch "sdPrimitivePatch" 
				groups {
					"ark_gdf_base_min (Level 01)"
				}
				{
					
					sdTransform {
						translation ( -1467 -1809 431 )
						rotation ( ( 0 -0.0000000596 0.9999999404 ) ( 0.999999702 0.0000001711 0 ) ( -0.0000001711 0.9999996424 0.0000000596 ) )
					}
					
					allowThicken 1
					allowCap 0
					thickenAllEdges 1
					useExplicitSubdivisions 0
					texMatrix ( ( -0.0000002186 1 0 ) ( -1 -0.0000002186 0 ) )
					texBounds ( ( 0 2048 ) ( 256 2560 ) )
					material "models/mapobjects/gdf_base/gdf_base_sheeted"
					explicitSubdivisions( 3 3 )
					controlPoints( 3 3 ) {
						(
							( ( -128 -31.9999847412 120 0.0000001192 0.2500000298 ) ( 88 -31.9999847412 120 0 0.1250000298 ) ( 88 -31.9999847412 120 -0.0000001192 0.0000000298 ) )
							( ( -128 -31.9999847412 120 0.5000001192 0.25 ) ( 88 -31.9999847412 120 0.5 0.125 ) ( 88 -31.9999847412 120 0.4999998808 0 ) )
							( ( -128 23.0000152588 87 1.0000001192 0.2499999702 ) ( 88 23.0000152588 87 1 0.1249999702 ) ( 88 23.0000152588 87 0.9999998808 -0.0000000298 ) )
						)
					}
				}
				sdPrimitivePatch "sdPrimitivePatch" 
				groups {
					"ark_gdf_base_min (Level 01)"
				}
				{
					
					sdTransform {
						translation ( -1757 -1642 431 )
						rotation ( ( 0 -0.0000000596 0.9999999404 ) ( 0.999999702 0.0000001711 0 ) ( -0.0000001711 0.9999996424 0.0000000596 ) )
					}
					
					allowThicken 1
					allowCap 0
					thickenAllEdges 1
					useExplicitSubdivisions 0
					texMatrix ( ( -0.0000002186 1 0 ) ( -1 -0.0000002186 0 ) )
					texBounds ( ( 0 2048 ) ( 256 2560 ) )
					material "models/mapobjects/gdf_base/gdf_base_sheeted"
					explicitSubdivisions( 3 3 )
					controlPoints( 3 3 ) {
						(
							( ( -128 21.0000152588 87 1.0000001192 0.2499999702 ) ( 88 21.0000152588 87 1 0.1249999702 ) ( 88 21.0000152588 87 0.9999998808 -0.0000000298 ) )
							( ( -128 -31.9999847412 120 0.5000001192 0.25 ) ( 88 -31.9999847412 120 0.5 0.125 ) ( 88 -31.9999847412 120 0.4999998808 0 ) )
							( ( -128 -31.9999847412 120 0.0000001192 0.2500000298 ) ( 88 -31.9999847412 120 0 0.1250000298 ) ( 88 -31.9999847412 120 -0.0000001192 0.0000000298 ) )
						)
					}
				}
				sdPrimitivePatch "sdPrimitivePatch" 
				groups {
					"ark_gdf_base_min (Level 01)"
				}
				{
					
					sdTransform {
						translation ( -1757 -1642 431 )
						rotation ( ( 0 -0.0000000596 0.9999999404 ) ( 0.999999702 0.0000001711 0 ) ( -0.0000001711 0.9999996424 0.0000000596 ) )
					}
					
					allowThicken 1
					allowCap 0
					thickenAllEdges 1
					useExplicitSubdivisions 0
					texMatrix ( ( -0.0000002186 1 0 ) ( -1 -0.0000002186 0 ) )
					texBounds ( ( 0 2048 ) ( 256 2560 ) )
					material "models/mapobjects/gdf_base/gdf_base_sheeted"
					explicitSubdivisions( 3 3 )
					controlPoints( 3 3 ) {
						(
							( ( -128 -31.9999847412 120 0.0000001192 0.2500000298 ) ( 88 -31.9999847412 120 0 0.1250000298 ) ( 88 -31.9999847412 120 -0.0000001192 0.0000000298 ) )
							( ( -128 -31.9999847412 120 0.5000001192 0.25 ) ( 88 -31.9999847412 120 0.5 0.125 ) ( 88 -31.9999847412 120 0.4999998808 0 ) )
							( ( -128 21.0000152588 87 1.0000001192 0.2499999702 ) ( 88 21.0000152588 87 1 0.1249999702 ) ( 88 21.0000152588 87 0.9999998808 -0.0000000298 ) )
						)
					}
				}
				sdPrimitivePatch "sdPrimitivePatch" 
				groups {
					"ark_gdf_base_min (Level 01)"
				}
				{
					
					sdTransform {
						translation ( -2025 -1441 431 )
						rotation ( ( 0 -0.0000000596 0.9999999404 ) ( 0.999999702 0.0000001711 0 ) ( -0.0000001711 0.9999996424 0.0000000596 ) )
					}
					
					allowThicken 1
					allowCap 0
					thickenAllEdges 1
					useExplicitSubdivisions 0
					texMatrix ( ( -0.0000002186 1 0 ) ( -1 -0.0000002186 0 ) )
					texBounds ( ( 0 2048 ) ( 256 2560 ) )
					material "models/mapobjects/gdf_base/gdf_base_sheeted"
					explicitSubdivisions( 3 3 )
					controlPoints( 3 3 ) {
						(
							( ( -128 16.0000152588 79 1.0000001192 0.2499999702 ) ( 88 16.0000152588 79 1 0.1249999702 ) ( 88 16.0000152588 79 0.9999998808 -0.0000000298 ) )
							( ( -128 -31.9999847412 120 0.5000001192 0.25 ) ( 88 -31.9999847412 120 0.5 0.125 ) ( 88 -31.9999847412 120 0.4999998808 0 ) )
							( ( -128 -31.9999847412 120 0.0000001192 0.2500000298 ) ( 88 -31.9999847412 120 0 0.1250000298 ) ( 88 -31.9999847412 120 -0.0000001192 0.0000000298 ) )
						)
					}
				}
				sdPrimitivePatch "sdPrimitivePatch" 
				groups {
					"ark_gdf_base_min (Level 01)"
				}
				{
					
					sdTransform {
						translation ( -2025 -1441 431 )
						rotation ( ( 0 -0.0000000596 0.9999999404 ) ( 0.999999702 0.0000001711 0 ) ( -0.0000001711 0.9999996424 0.0000000596 ) )
					}
					
					allowThicken 1
					allowCap 0
					thickenAllEdges 1
					useExplicitSubdivisions 0
					texMatrix ( ( -0.0000002186 1 0 ) ( -1 -0.0000002186 0 ) )
					texBounds ( ( 0 2048 ) ( 256 2560 ) )
					material "models/mapobjects/gdf_base/gdf_base_sheeted"
					explicitSubdivisions( 3 3 )
					controlPoints( 3 3 ) {
						(
							( ( -128 -31.9999847412 120 0.0000001192 0.2500000298 ) ( 88 -31.9999847412 120 0 0.1250000298 ) ( 88 -31.9999847412 120 -0.0000001192 0.0000000298 ) )
							( ( -128 -31.9999847412 120 0.5000001192 0.25 ) ( 88 -31.9999847412 120 0.5 0.125 ) ( 88 -31.9999847412 120 0.4999998808 0 ) )
							( ( -128 16.0000152588 79 1.0000001192 0.2499999702 ) ( 88 16.0000152588 79 1 0.1249999702 ) ( 88 16.0000152588 79 0.9999998808 -0.0000000298 ) )
						)
					}
				}
				sdPrimitivePatch "sdPrimitivePatch" 
				groups {
					"ark_gdf_base_min (Level 01)"
				}
				{
					
					sdTransform {
						translation ( -2259 -1202 431 )
						rotation ( ( 0 -0.0000000596 0.9999999404 ) ( 0.999999702 0.0000001711 0 ) ( -0.0000001711 0.9999996424 0.0000000596 ) )
					}
					
					allowThicken 1
					allowCap 0
					thickenAllEdges 1
					useExplicitSubdivisions 0
					texMatrix ( ( -0.0000002186 1 0 ) ( -1 -0.0000002186 0 ) )
					texBounds ( ( 0 2048 ) ( 256 2560 ) )
					material "models/mapobjects/gdf_base/gdf_base_sheeted"
					explicitSubdivisions( 3 3 )
					controlPoints( 3 3 ) {
						(
							( ( -128 14.0000152588 76 1.0000001192 0.2499999702 ) ( 88 14.0000152588 76 1 0.1249999702 ) ( 88 14.0000152588 76 0.9999998808 -0.0000000298 ) )
							( ( -128 -31.9999847412 120 0.5000001192 0.25 ) ( 88 -31.9999847412 120 0.5 0.125 ) ( 88 -31.9999847412 120 0.4999998808 0 ) )
							( ( -128 -31.9999847412 120 0.0000001192 0.2500000298 ) ( 88 -31.9999847412 120 0 0.1250000298 ) ( 88 -31.9999847412 120 -0.0000001192 0.0000000298 ) )
						)
					}
				}
				sdPrimitivePatch "sdPrimitivePatch" 
				groups {
					"ark_gdf_base_min (Level 01)"
				}
				{
					
					sdTransform {
						translation ( -2259 -1202 431 )
						rotation ( ( 0 -0.0000000596 0.9999999404 ) ( 0.999999702 0.0000001711 0 ) ( -0.0000001711 0.9999996424 0.0000000596 ) )
					}
					
					allowThicken 1
					allowCap 0
					thickenAllEdges 1
					useExplicitSubdivisions 0
					texMatrix ( ( -0.0000002186 1 0 ) ( -1 -0.0000002186 0 ) )
					texBounds ( ( 0 2048 ) ( 256 2560 ) )
					material "models/mapobjects/gdf_base/gdf_base_sheeted"
					explicitSubdivisions( 3 3 )
					controlPoints( 3 3 ) {
						(
							( ( -128 -31.9999847412 120 0.0000001192 0.2500000298 ) ( 88 -31.9999847412 120 0 0.1250000298 ) ( 88 -31.9999847412 120 -0.0000001192 0.0000000298 ) )
							( ( -128 -31.9999847412 120 0.5000001192 0.25 ) ( 88 -31.9999847412 120 0.5 0.125 ) ( 88 -31.9999847412 120 0.4999998808 0 ) )
							( ( -128 14.0000152588 76 1.0000001192 0.2499999702 ) ( 88 14.0000152588 76 1 0.1249999702 ) ( 88 14.0000152588 76 0.9999998808 -0.0000000298 ) )
						)
					}
				}
				sdPrimitivePatch "sdPrimitivePatch" 
				groups {
					"ark_gdf_base_min (Level 01)"
				}
				{
					
					sdTransform {
						translation ( -2434 -918 431 )
						rotation ( ( 0 -0.0000000596 0.9999999404 ) ( 0.999999702 0.0000001711 0 ) ( -0.0000001711 0.9999996424 0.0000000596 ) )
					}
					
					allowThicken 1
					allowCap 0
					thickenAllEdges 1
					useExplicitSubdivisions 0
					texMatrix ( ( -0.0000002186 1 0 ) ( -1 -0.0000002186 0 ) )
					texBounds ( ( 0 2048 ) ( 256 2560 ) )
					material "models/mapobjects/gdf_base/gdf_base_sheeted"
					explicitSubdivisions( 3 3 )
					controlPoints( 3 3 ) {
						(
